timestamp,rel_time,acc_x,acc_y,acc_z,gyro_x,gyro_y,gyro_z,azimuth,pitch,roll,label
8610389036000,0,1.59515960798721,9.70326886592465,-0.618565569239586,-0.11453723,-0.44348818,0.019242255,94.387886,-87.55516,-1.4276555,STD
8610394047000,0.005011,1.59853713454187,9.7027863772459,-0.619530575818981,-0.112399206,-0.43371433,0.019242255,94.40906,-87.62204,-1.4198531,STD
8610399022000,0.009986,1.60189039628792,9.70230735485979,-0.620488649603153,-0.12308934,-0.43279803,0.017104227,94.433136,-87.68023,-1.4132496,STD
8610404043000,0.015007,1.60527466306719,9.70182390332197,-0.621455581958998,-0.11575896,-0.44257188,0.02076942,94.45674,-87.74238,-1.4051806,STD
8610409068000,0.020032,1.60866162593632,9.70134006664053,-0.622423284625424,-0.11026118,-0.4266894,0.021991149,94.47209,-87.799324,-1.3988131,STD
8610414084000,0.025048,1.61204252260328,9.70085709653224,-0.623389254093043,-0.12339478,-0.42913285,0.018325957,94.49483,-87.85195,-1.392741,STD
8610419009000,0.029973,1.61536208322625,9.70038288844147,-0.624337698994963,-0.112704635,-0.42241332,0.026267206,94.50969,-87.91172,-1.3833961,STD
8610423973000,0.034937,1.61870793072522,9.69990492520033,-0.62529365442504,-0.10873401,-0.4266894,0.023823744,94.52788,-87.96297,-1.3781201,STD
8610429005000,0.039969,1.62209961175158,9.69942041451754,-0.62626270513498,-0.11209377,-0.41508293,0.02443461,94.538956,-88.0154,-1.3700565,STD
8610434003000,0.044967,1.62546837601424,9.69893917755558,-0.627225208204989,-0.10903945,-0.4147775,0.029626964,94.55392,-88.06875,-1.3614563,STD
8610438992000,0.049956,1.62883107407474,9.69845880716677,-0.628185978076192,-0.11453723,-0.3933972,0.029321533,94.55902,-88.117035,-1.3546379,STD
8610444002000,0.054966,1.63220792660694,9.69797641477393,-0.629150792077942,-0.1020145,-0.39645153,0.027488936,94.57052,-88.168495,-1.3468273,STD
8610449086000,0.06005,1.6356346568013,9.69748689722398,-0.630129856825426,-0.099571034,-0.39400807,0.03176499,94.57386,-88.21643,-1.3377013,STD
8610454001000,0.064965,1.63894747719965,9.69701365199228,-0.631076375950894,-0.10629055,-0.39828414,0.036957346,94.579605,-88.26309,-1.328946,STD
8610458983000,0.069947,1.64230545710293,9.69653395560482,-0.632035797778582,-0.10445796,-0.37782016,0.04062254,94.57715,-88.310555,-1.3197554,STD
8610464005000,0.074969,1.64569039790466,9.6960504077811,-0.633002922712072,-0.1151481,-0.3652974,0.064751714,94.57768,-88.358635,-1.3033499,STD
8610469000000,0.079964,1.64905714009994,9.69556945967685,-0.633964848049146,-0.1151481,-0.3744604,0.06047566,94.57838,-88.40158,-1.2942619,STD
8610474000000,0.084964,1.65242725240752,9.69508803014307,-0.634927736274445,-0.113926366,-0.3839288,0.051618114,94.57525,-88.44564,-1.280007,STD
8610479094000,0.090058,1.65586072282649,9.69459754973406,-0.635908726798379,-0.100792766,-0.3903429,0.04734206,94.5736,-88.48992,-1.2659863,STD
8610484096000,0.09506,1.659232183179,9.69411592762847,-0.636872000178968,-0.10995574,-0.38912117,0.03634648,94.57224,-88.52541,-1.2566882,STD
8610488994000,0.099958,1.66253354519551,9.69364431925718,-0.637815245484471,-0.10415252,-0.3817908,0.04917465,94.570595,-88.568054,-1.2420373,STD
8610493998000,0.104962,1.66590635359294,9.69316250457978,-0.63877890402035,-0.10567969,-0.37415496,0.048258353,94.56829,-88.60032,-1.2346421,STD
8610499014000,0.109978,1.66928725025991,9.69267953447149,-0.63974487348797,-0.10048734,-0.37659842,0.043676864,94.56648,-88.63456,-1.2248657,STD
8610503994000,0.114958,1.67264388211826,9.69220003065585,-0.640703910160368,-0.10629055,-0.3680463,0.04337143,94.55909,-88.66609,-1.214408,STD
8610509264000,0.120228,1.6759592742155,9.6916386289225,-0.64108569901751,-0.08827003,-0.36926803,0.04642576,94.55499,-88.69859,-1.2044626,STD
8610513982000,0.124946,1.67618486720157,9.69051066399217,-0.634092312680504,-0.100792766,-0.3576616,0.05100725,94.54456,-88.72538,-1.1944065,STD
8610519001000,0.129965,1.67642485261849,9.68931073690754,-0.626652760746329,-0.10048734,-0.34391713,0.047647487,94.50865,-88.76693,-1.1725881,STD
8610523989000,0.134953,1.67666335575849,9.68811822120757,-0.61925915942183,-0.09560041,-0.33567044,0.04795292,94.47051,-88.80716,-1.1488464,STD
8610529003000,0.139967,1.67690310209849,9.68691948950756,-0.611827018876313,-0.09132435,-0.3417791,0.03726278,94.43215,-88.84051,-1.1296362,STD
8610534002000,0.144966,1.67714213120772,9.68572434396142,-0.604417112496767,-0.09987647,-0.3371976,0.04428773,94.387985,-88.87549,-1.1056849,STD
8610538992000,0.149956,1.67738072997848,9.6845313501076,-0.597020546616805,-0.087659165,-0.33322698,0.043982297,94.3454,-88.90351,-1.0872383,STD
8610544004000,0.154968,1.67762038068771,9.68333309656143,-0.589591370626751,-0.095294975,-0.3359759,0.0421497,94.303085,-88.92877,-1.0675793,STD
8610549013000,0.159977,1.67785988795079,9.68213556024605,-0.582166641469891,-0.093767814,-0.33505958,0.042760566,94.25827,-88.95191,-1.047683,STD
8610553998000,0.164962,1.67809824764463,9.68094376177685,-0.574777486978586,-0.09132435,-0.31948254,0.043676864,94.20976,-91.02893,-1.0285637,STD
8610558980000,0.169944,1.67833646389231,9.67975268053843,-0.567392779320475,-0.07971791,-0.32895094,0.038789943,94.16786,-91.01494,-1.011291,STD
8610564005000,0.174969,1.67857673620155,9.67855131899225,-0.559944333719912,-0.089186326,-0.31948254,0.03268129,94.115875,-91.00405,-0.9944367,STD
8610569038000,0.180002,1.67881739103387,9.67734804483067,-0.552484029897497,-0.09132435,-0.31887165,0.036957346,94.06892,-90.99577,-0.9763372,STD
8610573980000,0.184944,1.67905369466615,9.67616652666923,-0.545158613348645,-0.07971791,-0.31642818,0.03604105,94.01851,-90.99457,-0.96173406,STD
8610579026000,0.18999,1.67929497109847,9.67496014450763,-0.537679039915721,-0.09560041,-0.3100141,0.03756821,93.96663,-90.99251,-0.9454862,STD
8610584000000,0.194964,1.67953280482308,9.67377097588461,-0.530306190479462,-0.086437434,-0.31123585,0.04062254,93.91609,-90.99664,-0.9293613,STD
8610589002000,0.199966,1.67977197737846,9.67257511310769,-0.522891837266722,-0.09407325,-0.3032946,0.039095376,93.86097,-91.0013,-0.91435856,STD
8610594016000,0.20498,1.68001172371846,9.67137638140768,-0.515459696721205,-0.08827003,-0.31123585,0.042455133,93.81067,-91.0093,-0.8974212,STD
8610599003000,0.209967,1.68025017904307,9.67018410478464,-0.508067577674437,-0.084910266,-0.3191771,0.046120327,93.75805,-91.01911,-0.8811102,STD
8610603995000,0.214959,1.68048887344461,9.66899063277697,-0.500668047239012,-0.086437434,-0.29993483,0.043982297,93.69982,-91.032135,-0.86574745,STD
8610608973000,0.219937,1.68072689843075,9.66780050784624,-0.493289268691827,-0.09101892,-0.29718593,0.049480084,93.64855,-91.044846,-0.84752923,STD
8610614066000,0.22503,1.68097042218616,9.66658288906919,-0.485740028205525,-0.08857546,-0.2761111,0.080634214,93.58659,-91.055534,-0.8227637,STD
8610618996000,0.22996,1.68120615203383,9.66540423983084,-0.47843239898945,-0.105068825,-0.2724459,0.08093964,93.52877,-91.06982,-0.8056217,STD
8610623977000,0.234941,1.68144432046613,9.66421339766934,-0.471049173609071,-0.103847094,-0.28710666,0.06383542,93.4703,-91.086914,-0.7850592,STD
8610629142000,0.240106,1.68169128692926,9.66297856535372,-0.463393209126104,-0.08552113,-0.28710666,0.06414085,93.4068,-91.102776,-0.75985,STD
8610634639000,0.245603,1.68195412810018,9.66166435949912,-0.455245128436294,-0.08399397,-0.27977628,0.06414085,93.345406,-91.12072,-0.74004257,STD
8610639002000,0.249966,1.68216274662459,9.66062126687703,-0.448777950693954,-0.09162979,-0.28405234,0.05497787,93.28741,-91.143684,-0.72320646,STD
8610644045000,0.255009,1.68240387961076,9.65941560194621,-0.441302824094225,-0.087659165,-0.2773328,0.0571159,93.22434,-91.168884,-0.70342803,STD
8610649008000,0.259972,1.68264118736613,9.65822906316935,-0.433946279713012,-0.09315695,-0.27885997,0.060170226,93.16496,-91.19278,-0.6863871,STD
8610653998000,0.264962,1.68287978613689,9.65703606931553,-0.42654971383305,-0.08124508,-0.26358834,0.06047566,93.099,-91.222786,-0.66972035,STD
8610659016000,0.26998,1.68311972373844,9.65583638130783,-0.419111644176607,-0.08827003,-0.26450464,0.060170226,93.0383,-91.24744,-0.65278214,STD
8610663999000,0.274963,1.6833579878015,9.65464506099248,-0.411725454240765,-0.0870483,-0.27458394,0.053450707,92.97605,-91.278595,-0.6378879,STD
8610668999000,0.279963,1.68359706472612,9.65344967636941,-0.404314065583488,-0.09132435,-0.26908615,0.055588737,92.909904,-91.30606,-0.6207892,STD
8610673995000,0.284959,1.68383595038919,9.65225524805404,-0.396908606037137,-0.083383106,-0.26511553,0.049785517,92.8472,-91.33937,-0.6082277,STD
8610679003000,0.289967,1.68407540983688,9.65105795081558,-0.389485359158008,-0.09193522,-0.26450464,0.050396383,92.784164,-91.36661,-0.5934823,STD
8610684002000,0.294966,1.68431443894611,9.64986280526944,-0.382075452778463,-0.086132,-0.24923302,0.043982297,92.71599,-91.401405,-0.5825363,STD
8610688993000,0.299957,1.68455308553226,9.6486695723387,-0.374677404620769,-0.082161374,-0.23915374,0.04337143,92.64942,-91.43291,-0.57001257,STD
8610694003000,0.304967,1.68479264061072,9.64747179694638,-0.367251193186178,-0.09132435,-0.23854288,0.05222898,92.581566,-91.462234,-0.556775,STD
8610699009000,0.309973,1.68503200442765,9.64627497786177,-0.359830910862512,-0.077579886,-0.24037547,0.05100725,92.51182,-91.49987,-0.5467376,STD
8610704430000,0.315394,1.68529121162931,9.64497894185344,-0.351795483280293,-0.08277224,-0.2443461,0.049785517,92.44296,-91.52914,-0.53441876,STD
8610709317000,0.320281,1.68603639458698,9.64371539864674,-0.345283434857626,-0.07696902,-0.23793201,0.054061573,92.37207,-91.5646,-0.52103615,STD
8610714010000,0.324974,1.70293101817498,9.63949165454375,-0.362178067266234,-0.07880162,-0.23304509,0.044898596,92.303,-91.59793,-0.5121037,STD
8610718979000,0.329943,1.72081923138803,9.63501950784701,-0.380066289818626,-0.07880162,-0.23426682,0.04886922,92.24399,-91.5938,-0.46812752,STD
8610723977000,0.334941,1.73211467258551,9.61768914138684,-0.449388101274561,-0.082161374,-0.22479841,0.04917465,92.179886,-91.59065,-0.4283337,STD
8610729017000,0.339981,1.74215045010916,9.59761769113213,-0.529674394818588,-0.07696902,-0.22052236,0.04153884,92.11717,-91.59133,-0.3903722,STD
8610734015000,0.344979,1.76511855239152,9.61367267245207,-0.629288012088799,-0.070554934,-0.19792034,0.046731193,92.04222,-91.59287,-0.32875586,STD
8610738963000,0.349927,1.78902677911201,9.63279911402624,-0.729702404540868,-0.077579886,-0.19853121,0.044593163,91.97165,-91.59533,-0.2723599,STD
8610743995000,0.354959,1.80412220761905,9.63868786150794,-0.786031607420635,-0.06536258,-0.1966986,0.04642576,91.8811,-91.62335,-0.20318314,STD
8610748942000,0.359906,1.81822233547619,9.64338800228175,-0.83773212530754,-0.06841691,-0.19456059,0.04642576,91.78953,-91.64806,-0.13598749,STD
8610753995000,0.364959,1.82360256010439,9.65186326902298,-0.874833101767238,-0.0720821,-0.18997909,0.048258353,91.67545,-91.70176,-0.062858246,STD
8610758973000,0.369937,1.8279678481183,9.66059357155938,-0.909755428669536,-0.064446285,-0.17684549,0.049480084,91.55704,-91.76023,0.009295885,STD
8610764002000,0.374966,1.839945288722,9.65940638293946,-0.930148648098119,-0.06780604,-0.17531833,0.045814894,91.41406,-91.83026,0.07871795,STD
8610768930000,0.379894,1.85446145329882,9.65456781299021,-0.9446648253063,-0.06078109,-0.1685988,0.03970624,91.26428,-91.9066,0.1470951,STD
8610774109000,0.385073,1.86971697609576,9.64948279802122,-0.959920361377967,-0.06352998,-0.16737708,0.032375857,91.072464,-91.9909,0.20184617,STD
8610778978000,0.389942,1.8840593473061,9.6447021573794,-0.974262745068437,-0.061391957,-0.15332718,0.03573562,90.87317,-92.07846,0.25749218,STD
8610784010000,0.394974,1.88861752832061,9.6378849905731,-0.970874404666068,-0.053145275,-0.14355333,0.03756821,90.60834,-92.16963,0.28763074,STD
8610788961000,0.399925,1.89098247105093,9.63079001421517,-0.963779564127887,-0.058643065,-0.13591751,0.032375857,90.33754,-92.256294,0.31670377,STD
8610793983000,0.404947,1.89338132833059,9.62359329208439,-0.956582979764577,-0.062002823,-0.1328632,0.03604105,89.94684,-92.35806,0.31350893,STD
8610798981000,0.409945,1.89576872153723,9.61643096289092,-0.949420787680183,-0.058337633,-0.12156218,0.032070424,89.54821,-92.45892,0.30754608,STD
8610803993000,0.414957,1.88841721159694,9.60342843009043,-0.889675150370665,-0.05955936,-0.11881329,0.029626964,88.94438,-92.57086,0.2338834,STD
8610808977000,0.419941,1.87893082161383,9.58919904322767,-0.81852718092219,-0.055283304,-0.10048734,0.028710667,88.32935,-92.687805,0.16267143,STD
8610814001000,0.424965,1.88705183862461,9.58305136246122,-0.757795787931748,-0.05375614,-0.103847094,0.02443461,87.34691,-92.84297,-0.028020851,STD
8610818967000,0.429931,1.89934722495691,9.57895282902448,-0.700417492416408,-0.05497787,-0.08307768,0.025961773,86.35182,-93.01161,-0.2087669,STD
8610823975000,0.434939,1.90330009502262,9.57183793815988,-0.630624793936652,-0.04795292,-0.08246681,0.02687807,85.18846,-93.20632,-0.4312776,STD
8610829097000,0.440061,1.89801536308985,9.56126836393019,-0.546069877634131,-0.046120327,-0.07422013,0.026267206,84.02023,-93.4106,-0.6426899,STD
8610834016000,0.44498,1.89335823310785,9.55480377113867,-0.477254979706877,-0.040011674,-0.06994407,0.020158553,82.96897,-93.585556,-0.7913129,STD
8610838988000,0.449952,1.8888847410372,9.55033065276212,-0.414626053348365,-0.04153884,-0.06963864,0.01863139,81.91974,-93.75981,-0.9305175,STD
8610844128000,0.455092,1.87307542728835,9.55349901923077,-0.361383492337774,-0.03268129,-0.0580322,0.022907447,80.99862,-93.89369,-1.01312,STD
8610849009000,0.459973,1.8479656503223,9.56354261538462,-0.321207828216588,-0.03390302,-0.037873644,0.025045475,80.07703,-94.02269,-1.0908965,STD
8610853995000,0.464959,1.83265118473495,9.58246928816262,-0.297314240737346,-0.031154128,-0.035124753,0.02076942,79.18056,-94.135315,-1.1556097,STD
8610858980000,0.469944,1.82313736488641,9.60625383778398,-0.283043501030291,-0.02321288,-0.035124753,0.02443461,78.28106,-94.246315,-1.2119195,STD
8610864024000,0.474988,1.82552206099456,9.61214955759518,-0.286620547682595,-0.025045475,-0.033292156,0.021380283,77.400635,-94.34381,-1.2638649,STD
8610869000000,0.479964,1.83477889020979,9.60752104632867,-0.300505801171329,-0.032070424,-0.014660766,0.026267206,76.51714,-94.43925,-1.3073193,STD
8610873979000,0.484943,1.84400225267293,9.60947859681851,-0.324851565330441,-0.019242255,-0.015271631,0.019242255,75.64164,-94.53542,-1.3503238,STD
8610879118000,0.490082,1.85349180200048,9.61659590744758,-0.358065007794649,-0.018936822,-0.0033597588,0.0143553335,74.7584,-94.623985,-1.3862827,STD
8610884043000,0.495007,1.86258618426127,9.62341683658713,-0.389895364699928,-0.008552114,0.002443461,0.009468411,73.87312,-94.72124,-1.4204336,STD
8610888998000,0.499962,1.8717359637744,9.63027931453362,-0.421919612104121,-0.02076942,0.01160644,0.010995574,72.984665,-94.81051,-1.4494233,STD
8610893983000,0.504947,1.8760311037552,9.63529101760885,-0.469177016218411,-0.021380283,0.014660766,0.014660766,72.08916,-94.90548,-1.476005,STD
8610899009000,0.509973,1.87358854835076,9.63773362402314,-0.537568618552725,-0.013133603,0.024740042,0.013439035,71.19033,-94.998146,-1.4988561,STD
8610903993000,0.514957,1.87116640427281,9.64015581868467,-0.605388703318786,-0.01038471,0.034208454,0.012217305,70.26064,-95.10363,-1.5198065,STD
8610908980000,0.519944,1.86874280224297,9.64257947132853,-0.673249610768294,-0.01038471,0.038179077,0.005497787,69.33159,-95.20921,-1.5380188,STD
8610913988000,0.524952,1.86961397073782,9.65025492296984,-0.732187091502552,-0.008552114,0.040927973,0.0070249503,68.40252,-95.31352,-1.5495387,STD
8610918998000,0.529962,1.87406684943852,9.66361337308585,-0.781168785108121,-0.004581489,0.052839845,0.005497787,67.471725,-95.417366,-1.5590873,STD
8610923971000,0.534935,1.88425995970874,9.67401619902913,-0.821234410679612,-0.007330383,0.06078109,0.003970624,66.49569,-95.55185,-1.5770782,STD
8610929071000,0.540035,1.90705765481703,9.67857582374907,-0.844032077221807,0.00030543262,0.06780604,0.0067195175,65.52008,-95.687546,-1.589015,STD
8610934066000,0.54503,1.9234955127681,9.68119019177391,-0.864317073363613,0.00061086525,0.07666359,0.005497787,64.521225,-95.83167,-1.601507,STD
8610939044000,0.550008,1.91627772679788,9.67637825071915,-0.876346689850114,0.0027488936,0.086437434,0.004886922,63.52495,-95.97543,-1.6075337,STD
8610944082000,0.555046,1.90897294461267,9.6715083111784,-0.888521299705274,0.006414085,0.08979719,0.008857546,62.515736,-96.12281,-1.6063482,STD
8610949039000,0.560003,1.90178560731769,9.66671666959374,-0.900500168512743,0.0021380284,0.096516706,0.0070249503,61.507748,-96.266426,-1.601427,STD
8610954019000,0.564983,1.90121671904718,9.66800700858647,-0.908794858282707,0.004886922,0.1020145,0.011301007,60.505848,-96.409195,-1.5879796,STD
8610959708000,0.570672,1.92636791883483,9.69315815584895,-0.90376462883021,0.01038471,0.112399206,0.01038471,59.505463,-96.54962,-1.5713745,STD
8610964109000,0.575073,1.94370601173569,9.70856726235741,-0.895976185467064,0.014966198,0.11759156,0.008552114,58.502495,-96.69455,-1.5534843,STD
8610969012000,0.579976,1.93888070597061,9.6796153269962,-0.842897776704347,0.007941248,0.1386664,0.01740966,57.497852,-96.83465,-1.5272131,STD
8610974012000,0.584976,1.93403886149506,9.65056420874471,-0.788209027450635,0.010995574,0.13744467,0.005192355,56.500668,-96.97575,-1.4990644,STD
8610979132000,0.590096,1.92971646939351,9.62463021720733,-0.72769550643512,0.02321288,0.14080444,0.00580322,55.502907,-97.11394,-1.4593852,STD
8610984038000,0.595002,1.92557473977433,9.5997801854725,-0.669711261493301,0.011911872,0.1518,0.015882496,54.53122,-97.23224,-1.4127271,STD
8610989032000,0.599996,1.92924192358241,9.60456817753047,-0.587636331690514,0.01740966,0.16126843,0.015882496,53.56402,-97.357445,-1.3646489,STD
8610994433000,0.605397,1.93506999459865,9.6147440151913,-0.495218975268192,0.017715093,0.17379116,0.010995574,52.59846,-97.47607,-1.3107542,STD
8610999039000,0.610003,1.94747924276069,9.60647144223556,-0.433172695585146,0.031154128,0.18875736,0.020463986,51.67494,-97.58082,-1.2440201,STD
8611003931000,0.614895,1.96065901740435,9.59768520105026,-0.36727378108027,0.02687807,0.19517145,0.021380283,50.79098,-97.65872,-1.1697205,STD
8611009029000,0.619993,1.97807514961175,9.60708315735803,-0.335804657500234,0.028405234,0.19486602,0.022907447,49.90897,-97.7411,-1.0895097,STD
8611014016000,0.62498,1.99594754238937,9.62048726531949,-0.313464147866031,0.029932396,0.20066923,0.025045475,49.027637,-97.82181,-1.0056841,STD
8611019033000,0.629997,1.99497176608955,9.63785259910448,-0.293296145307463,0.028710667,0.20616703,0.029932396,48.172115,-97.88534,-0.9114828,STD
8611024031000,0.634995,1.98544642352239,9.65690318477612,-0.274245450226866,0.031154128,0.21135938,0.033292156,47.318768,-97.95048,-0.8146727,STD
8611029947000,0.640911,1.99063685446334,9.662998,-0.28462631752856,0.04520403,0.22296582,0.03359759,46.464523,-98.01361,-0.710445,STD
8611034043000,0.645007,1.99845298878852,9.662998,-0.300258594340462,0.034513887,0.23243423,0.036957346,45.613434,-98.07063,-0.6023313,STD
8611039027000,0.649991,2.00796363660999,9.662998,-0.31927989991432,0.043066,0.24251351,0.040927973,44.772232,-98.13246,-0.49189237,STD
8611044030000,0.654994,2.01751054091392,9.662998,-0.338373718490967,0.046731193,0.25534168,0.042455133,43.93138,-98.190414,-0.37898776,STD
8611049000000,0.659964,2.02699447343252,9.662998,-0.35734159343119,0.04642576,0.26633725,0.037873644,43.09198,-98.25025,-0.26468956,STD
8611054008000,0.664972,2.03655091891605,9.662998,-0.376454494376993,0.057726767,0.2742785,0.045814894,42.254406,-98.314926,-0.14440402,STD
8611058982000,0.669946,2.03398479630787,9.66593556319228,-0.386009767980687,0.055588737,0.29046643,0.052839845,41.4193,-98.37516,-0.022341546,STD
8611064009000,0.674973,2.02486947422134,9.67049331941683,-0.390567438542081,0.053145275,0.29810223,0.056505036,40.588665,-98.43914,0.10241529,STD
8611068995000,0.679959,2.01061054329382,9.68014663711179,-0.422936065931224,0.042760566,0.30848694,0.064751714,39.73286,-98.514496,0.23460566,STD
8611073970000,0.684934,1.99193920793573,9.69414994366611,-0.478950101250123,0.05681047,0.30787608,0.061391957,38.88277,-98.596565,0.36581376,STD
8611079105000,0.690069,1.97973426747505,9.71196415269879,-0.542212287866724,0.052534413,0.3200934,0.06658431,38.029884,-98.67055,0.50361,STD
8611084004000,0.694968,1.97469974196802,9.73210267528705,-0.607661166771113,0.04550946,0.33475417,0.07086037,37.18172,-98.74818,0.6414688,STD
8611088993000,0.699957,1.96114952327262,9.7483673856606,-0.667087281511998,0.04428773,0.34147367,0.0729984,36.321228,-98.8373,0.77663153,STD
8611094011000,0.704975,1.94262533231184,9.76226033545341,-0.722659888244194,0.044593163,0.34513888,0.08032878,35.464073,-98.92524,0.91606635,STD
8611099171000,0.710135,1.92299286723175,9.76546241417115,-0.784437763820932,0.040927973,0.35430184,0.082161374,34.601078,-99.024445,1.0518073,STD
8611104026000,0.71499,1.90411336855142,9.76074245325348,-0.84579602364227,0.05467244,0.35827246,0.08002335,33.745758,-99.128525,1.1895986,STD
8611108974000,0.719938,1.88497726248883,9.75377472049884,-0.872737226390131,0.050701816,0.34972036,0.09010262,32.89413,-99.2367,1.3268365,STD
8611113969000,0.724933,1.86573333954944,9.74522191051314,-0.874875440050063,0.049480084,0.36743546,0.09865474,32.04131,-99.348785,1.4655427,STD
8611118947000,0.729911,1.84655491144287,9.73669820919006,-0.877006376506347,0.048258353,0.36102137,0.09162979,31.189447,-99.471306,1.5961014,STD
8611123992000,0.734956,1.82711835664223,9.72805978549079,-0.879165993706419,0.047647487,0.3726278,0.10140363,30.33691,-99.59377,1.7365254,CSI
8611128989000,0.739953,1.81118124594595,9.72162377027027,-0.876407213783784,0.03390302,0.37965274,0.10445796,29.504667,-99.71007,1.8731456,CSI
8611133968000,0.744932,1.82157420305144,9.73201694442023,-0.834835363657367,0.042760566,0.37110063,0.116980694,28.682344,-99.83263,2.0158288,CSI
8611138955000,0.749919,1.83688649354453,9.73832690755131,-0.791591096035067,0.03176499,0.3839288,0.11759156,27.870745,-99.943665,2.1496909,CSI
8611143973000,0.754937,1.86561116921698,9.73353936162582,-0.743716606586969,0.03848451,0.37995818,0.11911872,27.074093,-100.061806,2.286719,CSI
8611149011000,0.759975,1.8918942043452,9.73398341299537,-0.690262169141018,0.031154128,0.38026363,0.12797627,26.289461,-100.16487,2.4304547,CSI
8611153912000,0.764876,1.91077813889559,9.74814612975256,-0.624168521454436,0.029626964,0.38331795,0.13836098,25.512173,-100.27094,2.5752907,CSI
8611158886000,0.76985,1.92868413893406,9.76001467238783,-0.563370576678711,0.024129177,0.38515055,0.13836098,24.742918,-100.36443,2.7280662,CSI
8611163927000,0.774891,1.94322091966275,9.76486036715849,-0.519760209194018,0.03023783,0.3894266,0.14110987,23.979551,-100.46144,2.8846693,CSI
8611168901000,0.779865,1.95876039724518,9.76961597589532,-0.476960596893939,0.03023783,0.38973203,0.15118915,23.23775,-100.5434,3.048759,CSI
8611173904000,0.784868,1.97761625336482,9.77433003837072,-0.434534886168831,0.027794369,0.39614612,0.16279559,22.499666,-100.62709,3.2141583,CSI
8611178934000,0.789898,1.99139035649647,9.77967630605803,-0.398127773030015,0.014660766,0.3979787,0.16584991,21.776909,-100.70102,3.383292,CSI
8611183917000,0.794881,1.98899915569474,9.78684980858847,-0.381389357430476,0.018936822,0.40317106,0.17562376,21.058462,-100.78133,3.5573633,CSI
8611188909000,0.799873,1.9866036360475,9.79403626747507,-0.364620709894273,0.013744468,0.41233405,0.18234327,20.34874,-100.851036,3.7348855,CSI
8611193927000,0.804891,1.98419563973543,9.80126015583505,-0.347764725652152,0.016493361,0.4184427,0.18387043,19.644415,-100.925446,3.9128687,CSI
8611198918000,0.809882,1.98697239190043,9.80322000382958,-0.331758193686932,0.018325957,0.43066,0.18906279,18.942106,-101.00024,4.0935197,CSI
8611204001000,0.814965,2.00561437348013,9.78923871230254,-0.317776697769268,0.0030543262,0.4392121,0.18417588,18.24447,-101.071205,4.2708077,CSI
8611208944000,0.819908,2.02150466847246,9.77951688691975,-0.315240978199577,0.0030543262,0.4474588,0.19150625,17.554441,-101.14402,4.4517493,CSI
8611213980000,0.824944,2.02636105401269,9.78922935374081,-0.368661249568019,0.0027488936,0.46211955,0.17898351,16.864468,-101.21089,4.625302,CSI
8611218972000,0.829936,2.02944037277656,9.79496643194141,-0.41306662171502,-0.0061086523,0.48349985,0.18387043,16.175924,-101.27915,4.809563,CSI
8611223950000,0.834914,2.02490567189194,9.78362967972986,-0.419868677777038,-0.012217305,0.48563787,0.1881465,15.493642,-101.34759,4.988614,CSI
8611229008000,0.839972,2.02029809513935,9.77211073784838,-0.426780047717112,-0.01038471,0.5021312,0.18448131,14.792524,-101.4258,5.166646,CSI
8611233974000,0.844938,2.01577432563493,9.76080131408732,-0.433565706697422,-0.0076358155,0.5225952,0.19181168,14.096695,-101.50534,5.347947,CSI
8611239290000,0.850254,2.01090441725669,9.74738914745047,-0.441658014891198,-0.020158553,0.5348125,0.19853121,13.413554,-101.58211,5.5262065,CSI
8611243984000,0.854948,2.0060377398506,9.70845593147126,-0.465991427330302,-0.018020526,0.539394,0.20158553,12.7329445,-101.66436,5.704789,CSI
8611248953000,0.859917,2.00276813146467,9.66953617133833,-0.490240446562377,-0.03268129,0.54275376,0.2049453,12.056285,-101.74372,5.8821483,CSI
8611253988000,0.864952,2.01228632885906,9.64574067785235,-0.504517737684564,-0.04184427,0.5555819,0.20677789,11.381444,-101.82558,6.059199,CSI
8611258976000,0.86994,2.02087268797734,9.62618938831917,-0.520144326373669,-0.03726278,0.5684101,0.20372356,10.702012,-101.91236,6.2337995,CSI
8611264077000,0.875041,2.02246305346876,9.64050264452909,-0.548770931789563,-0.050396383,0.5833763,0.20952678,10.025038,-101.994415,6.410653,CSI
8611269099000,0.880063,2.02402878871635,9.65459422905883,-0.576954192404857,-0.058643065,0.5897904,0.20861048,9.3388815,-102.08233,6.585681,CSI
8611273976000,0.88494,2.02554931655435,9.66827894784647,-0.60432371889247,-0.07941248,0.6001751,0.20769419,8.65429,-102.165085,6.761726,CSI
8611279350000,0.890314,2.02722479668587,9.68335823403978,-0.634482389252206,-0.08460484,0.6065892,0.20280726,7.9754276,-102.24894,6.9349113,CSI
8611284696000,0.89566,2.02889154711072,9.69835895305531,-0.664483924745906,-0.081855945,0.6246097,0.204029,7.2972784,-102.33078,7.1089897,CSI
8611289379000,0.900343,2.02965023515867,9.71067107398138,-0.691217472910201,-0.093462385,0.63285637,0.21044308,6.6196156,-102.40833,7.2817626,CSI
8611294022000,0.904986,2.01629602080288,9.70621957623386,-0.726828711192312,-0.1001819,0.6450737,0.21044308,5.9422946,-102.48695,7.452461,CSI
8611299359000,0.910323,2.0020777653044,9.70215839773244,-0.767326122963095,-0.113926366,0.655153,0.22174409,5.258976,-102.576416,7.624355,CSI
8611304044000,0.915008,2.01373842621012,9.72110706302384,-0.793562632830875,-0.11728613,0.67011917,0.22632557,4.5779614,-102.66526,7.793462,CSI
8611308955000,0.919919,2.02596158644662,9.74096979413293,-0.821064767294198,-0.116675265,0.6792821,0.22968534,3.8904154,-102.758064,7.96057,CSI
8611314039000,0.925003,2.03861533245403,9.76153223049185,-0.849535720585082,-0.1255328,0.6872234,0.23457226,3.2074237,-102.848595,8.128307,CSI
8611318929000,0.929893,2.0507862250536,9.78131002628159,-0.876920252762978,-0.12186762,0.6957755,0.2510656,2.5304432,-102.94425,8.298941,CSI
8611324033000,0.934997,2.06348974976285,9.80195335342083,-0.905503208230459,-0.13500121,0.7153232,0.26145032,1.8549596,-103.03401,8.468234,CSI
8611329060000,0.940024,2.07600162647002,9.82228525105581,-0.933654955318043,-0.13072516,0.7281514,0.26908615,1.1875446,-103.130356,8.639573,CSI
8611334059000,0.945023,2.09186246663698,9.75537034085399,-0.962004953406561,-0.13561209,0.7452556,0.2733622,0.5215727,-103.222725,8.812044,CSI
8611339012000,0.949976,2.10829105618723,9.67088065479195,-0.990168202515957,-0.13500121,0.7626653,0.26633725,359.85956,-103.31592,8.98208,CSI
8611343986000,0.95495,2.124789300569,9.58603274474296,-1.01845085970759,-0.121256754,0.78801614,0.27091873,359.1824,-103.42762,9.1593485,CSI
8611349001000,0.959965,2.14142353771708,9.5004854450052,-1.04696664696452,-0.09865474,0.8173377,0.25809056,358.50705,-103.535446,9.328726,CSI
8611354731000,0.965695,2.19785378133546,9.34941608853179,-1.01834943329674,-0.103847094,0.8347474,0.2501493,357.83746,-103.6411,9.499374,CSI
8611359015000,0.969979,2.24699283058189,9.22656803782813,-0.98559002437369,-0.11942416,0.83016586,0.24312437,357.17435,-103.74575,9.665078,CSI
8611364041000,0.975005,2.30099444728109,9.10828294582167,-0.954542660770692,-0.1255328,0.8323039,0.2312125,356.48102,-103.8656,9.837421,CSI
8611369009000,0.979973,2.353308917493,8.99889855077969,-0.926007524545182,-0.11881329,0.8549059,0.21746802,355.79282,-103.98153,10.005994,CSI
8611374023000,0.984987,2.36912687687438,8.95884616884273,-0.933995376582591,-0.12095132,0.8756753,0.20433442,355.1061,-104.100296,10.185709,CSI
8611379112000,0.990076,2.37394748371909,8.9395638421365,-0.953277829129575,-0.12889257,0.89980453,0.18509217,354.42117,-104.21384,10.359037,CSI
8611384080000,0.995044,2.38196457586338,8.95245193965845,-1.02684449474383,-0.13164146,0.93279123,0.1777618,353.72614,-104.33606,10.545953,CSI
8611389063000,1.000027,2.39101983096774,8.97509007741936,-1.11739709306452,-0.1518,0.947452,0.15668693,353.03833,-104.44535,10.721754,CSI
8611394026000,1.00499,2.40817246825325,8.96907430257063,-1.22465859529476,-0.1563815,0.9605856,0.14477506,352.337,-104.559746,10.899138,CSI
8611399035000,1.009999,2.42995922954855,8.94728749577618,-1.34230739748388,-0.14844026,0.9761627,0.13958271,351.641,-104.66855,11.071198,CSI
8611404037000,1.015001,2.45137715072305,8.91890090666082,-1.44031056540315,-0.16493362,0.9819659,0.13408493,350.93103,-104.77987,11.237177,CSI
8611409034000,1.019998,2.47234796339833,8.88220186130587,-1.51370838239483,-0.16432275,0.977079,0.13927728,350.23218,-104.89548,11.402918,CSI
8611414019000,1.024983,2.45421135627723,8.85357764237624,-1.59422928744554,-0.15821409,0.9957104,0.1441642,349.49854,-105.02851,11.569838,CSI
8611419039000,1.030003,2.41137176974257,8.82977787207921,-1.67990846051485,-0.1600467,0.99387777,0.14263703,348.78653,-105.15749,11.7331085,CSI
8611424051000,1.035015,2.3547717245172,8.84558680903833,-1.75931130559749,-0.1423316,0.97066486,0.13561209,348.07166,-105.302025,11.897782,CSI
8611429124000,1.040088,2.2880954668758,8.88844995412214,-1.83551267896285,-0.13897185,0.9669997,0.14446963,347.36755,-105.44398,12.065237,CSI
8611434135000,1.045099,2.17766766345445,8.98339160607267,-1.83724242227974,-0.11178834,0.95814216,0.13683382,346.66895,-105.58861,12.213462,CSI
8611439050000,1.050014,2.03709024752613,9.11459739651568,-1.78569735672474,-0.09010262,0.926988,0.115453534,345.9927,-105.72849,12.357057,CSI
8611443981000,1.054945,1.91755525089914,9.28260281899922,-1.71942613545739,-0.06047566,0.8915578,0.090713486,345.3394,-105.864784,12.47841,CSI
8611449050000,1.060014,1.81317814024629,9.48661272976935,-1.63877112242963,-0.049785517,0.8524625,0.07086037,344.70944,-105.99466,12.591939,CSI
8611454028000,1.064992,1.72144725557,9.7156190353,-1.56103482288,-0.05009095,0.82924956,0.050701816,344.13785,-106.082726,12.663634,CSI
8611459034000,1.069998,1.63994672215,9.9745028235,-1.4843284856,-0.0693332,0.8045095,0.03604105,343.58737,-106.16431,12.728734,CSI
8611464035000,1.074999,1.58292079412109,10.1996228847656,-1.39922390417969,-0.0729984,0.788627,0.03023783,343.05988,-106.20739,12.763157,CSI
8611469036000,1.08,1.55018099551758,10.3913848623047,-1.30568166431641,-0.09437868,0.77549344,0.024740042,342.5458,-106.24011,12.792445,CSI
8611474035000,1.084999,1.56311437098214,10.5380153236607,-1.24575446428571,-0.10903945,0.75686204,0.038789943,342.06992,-106.243546,12.801017,CSI
8611479064000,1.090028,1.63152601734984,10.6308594603287,-1.22620830876623,-0.13591751,0.7516697,0.05131268,341.5996,-106.23981,12.808174,CSI
8611484059000,1.095023,1.77270753287712,10.5972268201924,-1.13996487253198,-0.14446963,0.7458665,0.05497787,341.14304,-106.213,12.8048935,CSI
8611489033000,1.099997,1.99002501148468,10.4318767148666,-0.984063226260042,-0.14630222,0.7247916,0.052839845,340.69778,-106.18502,12.803022,CSI
8611494356000,1.10532,2.12488934629301,10.3024701951046,-0.85748942498049,-0.14966199,0.72082096,0.06719518,340.24387,-106.163445,12.817564,CSI
8611499042000,1.110006,2.15672821454416,10.2308320766229,-0.781872046392338,-0.14263703,0.70829827,0.09468412,339.8043,-106.1467,12.834053,CSI
8611503968000,1.114932,2.21643447422935,10.1637899062885,-0.706640800715166,-0.13622294,0.7058548,0.115453534,339.33755,-106.15519,12.904949,CSI
8611509040000,1.120004,2.38613243082614,10.1288524151254,-0.646747391393342,-0.13561209,0.6966918,0.12095132,338.88272,-106.16708,12.977206,CSI
8611513995000,1.124959,2.53976871599307,10.08938692398,-0.578586773425712,-0.12950343,0.6939429,0.14721853,338.42294,-106.19151,13.073014,CSI
8611519044000,1.130008,2.66074502979215,10.0335515527329,-0.480875136104696,-0.12308934,0.675617,0.2003638,337.97748,-106.22412,13.175283,CSI
8611523993000,1.134957,2.77831001801489,9.9801966248139,-0.380353689583127,-0.086437434,0.6230826,0.22876903,337.5287,-106.28347,13.307831,CSI
8611529056000,1.14002,2.89381345565261,9.93207023434243,-0.255224988927047,-0.05497787,0.6035349,0.27366763,337.08475,-106.35928,13.458261,CSI
8611534014000,1.144978,3.00395405071198,9.89145057954049,-0.143495654913427,-0.029321533,0.5671884,0.3304781,336.64526,-106.46047,13.642071,CSI
8611539035000,1.149999,3.10056963545907,9.88304949515157,-0.0846861798355901,-0.026572637,0.5207626,0.37323865,336.22156,-106.56995,13.830014,CSI
8611543996000,1.15496,3.19603068224862,9.87474880213156,-0.0265794668578667,-0.038179077,0.4792238,0.42119157,335.79782,-106.70474,14.057282,CSI
8611549009000,1.159973,3.19458047667354,9.89188766941521,0.0308957733544537,-0.025045475,0.44318274,0.45570546,335.39252,-106.85021,14.286943,CSI
8611554215000,1.165179,3.17916835727187,9.91630499661336,0.087185878491063,-0.037873644,0.4147775,0.46486846,335.00305,-106.99462,14.5172615,CSI
8611558969000,1.169933,3.174885329746,9.97198359416745,0.10003483584572,-0.04917465,0.40591997,0.48441613,334.61288,-107.16349,14.777737,CSI
8611563979000,1.174943,3.17037166380056,10.0306604502352,0.113575701715898,-0.065973446,0.40378192,0.50518554,334.22104,-107.322365,15.032663,CSI
8611568995000,1.179959,3.33155008252398,10.1719107562847,0.14113148061787,-0.0852157,0.42058071,0.5006041,333.83063,-107.47726,15.2816105,CSI
8611573984000,1.184948,3.51002673474003,10.3214457687027,0.170073644248359,-0.092240654,0.41874814,0.50762904,333.45233,-107.63892,15.534029,CSI
8611579139000,1.190103,3.39289866280203,10.297135807895,0.195031851879288,-0.095294975,0.4092797,0.49846604,333.07727,-107.78781,15.772821,CSI
8611584059000,1.195023,3.25703122638958,10.2596548692453,0.218457269757383,-0.10842858,0.40591997,0.46731192,332.70468,-107.92999,16.002872,CSI
8611589006000,1.19997,3.20707526930326,10.1471428431078,0.202727795740351,-0.119729586,0.41325033,0.45478916,332.30698,-108.090256,16.255915,CSI
8611593977000,1.204941,3.16412229104762,10.0278288761905,0.183637551066667,-0.14905111,0.410196,0.43371433,331.91684,-108.23583,16.491985,CSI
8611599000000,1.209964,3.1778876698652,9.8068432868697,0.138105873283075,-0.15485434,0.38637227,0.44715336,331.54306,-108.366806,16.706583,CSI
8611603927000,1.214891,3.19673335877184,9.58069472481278,0.0909916165791313,-0.15363261,0.37934732,0.45906523,331.1689,-108.48917,16.911152,CSI
8611609860000,1.220824,3.17819059027245,9.3530239027245,0.0964227255473591,-0.15699236,0.37720928,0.47128254,330.8073,-108.61428,17.112696,CSI
8611613940000,1.224904,3.16281797534179,9.19929775341792,0.104109041038654,-0.1518,0.3539964,0.4709771,330.4584,-108.73984,17.309113,CSI
8611619037000,1.230001,3.11822418250966,9.10297344864811,0.00425203993166286,-0.13897185,0.34422258,0.4841107,330.09317,-108.88785,17.522476,CSI
8611623943000,1.234907,3.07169162038229,9.02386814647915,-0.107425841936219,-0.1459968,0.33933565,0.5018258,329.73843,-109.034355,17.732437,CSI
8611629136000,1.2401,2.72116132643483,8.8549058006676,-0.0821013661448784,-0.15760323,0.30482176,0.52870387,329.39728,-109.19362,17.95054,CSI
8611633965000,1.244929,2.34790921825428,8.68440808210442,-0.0360208549820646,-0.14385876,0.2519819,0.5305365,329.06757,-109.351295,18.161892,CSI
8611639028000,1.249992,2.04345785840336,8.59306674980457,-0.0528680153840141,-0.12186762,0.16676621,0.51007247,328.74976,-109.509415,18.361362,CSI
8611643954000,1.254918,1.76226811806723,8.51931224609146,-0.0805260276802814,-0.10262536,0.105068825,0.5348125,328.4475,-109.67902,18.569506,CSI
8611649032000,1.259996,1.52850511570223,8.43765309985935,-0.0509579631404461,-0.09865474,0.063224554,0.57818395,328.2139,-109.79282,18.7146,CSI
8611653970000,1.264934,1.31471546235684,8.35688797749648,-0.0082000324713683,-0.116980694,-0.01740966,0.60231316,328.01303,-109.906334,18.855627,CSI
8611659042000,1.270006,1.0961943555722,8.35717854613541,-0.00394491001348113,-0.12705997,-0.0693332,0.5571091,327.84497,-109.970345,18.938404,CSI
8611664041000,1.275005,0.881060488615938,8.37630144337927,-0.00872566277890953,-0.13072516,-0.10903945,0.52198434,327.6997,-110.041084,19.02681,CSI
8611669032000,1.279996,0.831195202331927,8.47992552075768,0.0251145622571401,-0.1518,-0.1554652,0.50426924,327.59006,-110.06933,19.07186,CSI
8611674019000,1.284983,0.817133105533418,8.60179695455884,0.0673008237751497,-0.1685988,-0.21074851,0.45875978,327.49326,-110.07966,19.096369,CSI
8611680153000,1.291117,1.03641035326789,8.74225947580249,0.128661254913714,-0.17531833,-0.2452624,0.40042216,327.4223,-110.04518,19.071718,CSI
8611684088000,1.295052,1.21027730270345,8.831042454599,0.169353518294493,-0.21685717,-0.27458394,0.39584067,327.3665,-110.008316,19.047531,CSI
8611689027000,1.299991,1.53186862518541,8.96070603559775,0.224232511726491,-0.22571471,-0.29657507,0.4007276,327.31778,-109.95023,19.000729,CSI
8611694056000,1.30502,1.89380808743202,9.09881432028083,0.281380853366953,-0.22602014,-0.34208453,0.42149702,327.28497,-109.8929,18.955807,CSI
8611699035000,1.309999,2.24073147230312,9.24904243667369,0.330048440664878,-0.21044308,-0.4251622,0.45845437,327.24905,-109.87113,18.950891,CSI
8611704022000,1.314986,2.58389731954397,9.40461122801303,0.375803883778502,-0.22968534,-0.47128254,0.4578435,327.21497,-109.84223,18.940973,CSI
8611709020000,1.319984,2.92402659845688,9.44966848623298,0.36821590576702,-0.23518312,-0.5009095,0.4529566,327.1601,-109.875534,18.997797,CSI
8611714029000,1.324993,3.26269693525971,9.4303160139183,0.329510728748361,-0.23518312,-0.4831944,0.46639562,327.1055,-109.91254,19.058918,CSI
8611719014000,1.329978,3.54153615576678,9.41793174995452,0.251100664388212,-0.2510656,-0.47403142,0.47891834,327.02448,-109.99685,19.174454,CSI
8611724033000,1.334997,3.79074128402765,9.40918798908496,0.15054419317082,-0.24312437,-0.4447099,0.5021312,326.93375,-110.089134,19.296118,CSI
8611729046000,1.34001,4.02144490938031,9.33726221222411,0.0795563926634126,-0.23273966,-0.41905355,0.51893,326.7999,-110.24013,19.478413,CSI
8611734054000,1.345018,4.23010229410017,9.18967500679117,0.0439319740352292,-0.21838433,-0.36682457,0.5170974,326.65186,-110.391266,19.6601,CSI
8611739032000,1.349996,4.41356565940422,9.06374637780777,0.0077469380630483,-0.1777618,-0.29016098,0.52290064,326.4612,-110.60309,19.895683,CSI
8611744004000,1.354968,4.57881887255374,8.95357724949388,-0.02897600181394,-0.13713925,-0.20769419,0.4999932,326.25653,-110.80342,20.119081,CSI
8611749365000,1.360329,4.75483593317925,8.89134220873138,-0.0616614509657935,-0.0870483,-0.12064589,0.48563787,325.9909,-111.051254,20.387615,CSI
8611754032000,1.364996,4.90634420349255,8.88216017986646,-0.0846172575753467,-0.046731193,-0.02321288,0.4700608,325.70377,-111.28902,20.645569,CSI
8611759018000,1.369982,5.01615189663256,8.86476699155657,-0.116460892634549,-0.013744468,0.063224554,0.44409904,325.37057,-111.55936,20.93266,CSI
8611764036000,1.375,5.08298301333068,8.8408987177908,-0.154650158573557,0.014049901,0.14782938,0.4196644,325.0182,-111.8213,21.211172,CSI
8611769021000,1.379985,5.09123561970934,8.80956799109098,-0.134417526420466,0.051618114,0.19547687,0.39064834,324.63058,-112.099266,21.503756,CSI
8611774031000,1.384995,5.04825155520605,8.77135988388413,-0.0627773690443958,0.08368854,0.23976462,0.37415496,324.23074,-112.36782,21.787437,CSI
8611779097000,1.390061,5.03798089871618,8.69733528357693,-0.00841540877937982,0.08002335,0.29565877,0.38362336,323.84024,-112.63747,22.07334,CSI
8611784057000,1.395021,5.05674484420304,8.59413363238199,0.0291125076654158,0.0852157,0.3277292,0.41355577,323.45453,-112.90391,22.353886,CSI
8611789030000,1.399994,4.82546013618606,8.42976535749977,0.14545313751976,0.09101892,0.38240165,0.3707952,323.03632,-113.143875,22.611645,CSI
8611794037000,1.405001,4.34189793220678,8.20323147347143,0.341491865985827,0.060170226,0.42730024,0.33292156,322.62354,-113.38528,22.873112,CSI
8611799022000,1.409986,3.99543008164948,8.12280210634834,0.50033022556484,0.04642576,0.44104472,0.30848694,322.2176,-113.630875,23.137503,CSI
8611804031000,1.414995,3.96940187175258,8.38829133667933,0.573209566596853,0.04642576,0.47311515,0.29138273,321.80225,-113.861275,23.388634,CSI
8611808991000,1.419955,3.93826754731204,8.66432589684586,0.625630892793097,0.04642576,0.45845437,0.2883284,321.46664,-114.01722,23.569054,CSI
8611814037000,1.425001,3.89992235167625,8.96150136322158,0.654389819549693,0.05681047,0.4166101,0.29901853,321.1345,-114.170784,23.74568,CSI
8611818972000,1.429936,3.85147325111639,9.24298346460808,0.656809733653207,0.059864793,0.40286562,0.30909783,320.8133,-114.30122,23.900934,CSI
8611824019000,1.434983,3.78718075289311,9.51852233168646,0.624663503722565,0.06780604,0.37782016,0.31031954,320.51266,-114.43122,24.052738,CSI
8611829095000,1.440059,3.6911230944281,9.74057578879924,0.571922182716659,0.07452556,0.34025195,0.3231477,320.2364,-114.54071,24.182713,CSI
8611834044000,1.445008,3.53816146000949,9.85304750972947,0.481944730809682,0.086437434,0.33841935,0.3231477,319.9598,-114.64599,24.307138,CSI
8611838986000,1.44995,3.36892497814789,9.93551718862245,0.412844244450687,0.094989546,0.32498032,0.3200934,319.71655,-114.72243,24.398895,CSI
8611844002000,1.454966,3.1375826999097,9.91141905036621,0.417663882167152,0.07727446,0.31429017,0.30543262,319.4756,-114.79372,24.485497,CSI
8611849008000,1.459972,2.92200096683064,9.85779888344544,0.413714017421946,0.055588737,0.27550024,0.27488935,319.27313,-114.82641,24.527447,CSI
8611854030000,1.464994,2.7578387392832,9.70329360746913,0.379915901963658,0.03726278,0.24648413,0.25289822,319.0731,-114.85616,24.566755,CSI
8611859012000,1.469976,2.63141238908842,9.53445825317197,0.351027458629709,0.008552114,0.23304509,0.21777347,318.89624,-114.83848,24.557867,CSI
8611864041000,1.475005,2.62201126110677,9.31353221188757,0.336925830464572,-0.03848451,0.21380283,0.17623462,318.73135,-114.81153,24.540245,CSI
8611869013000,1.479977,2.62904003367502,9.10439731178321,0.321968500399878,-0.0580322,0.19883664,0.13225232,318.58066,-114.759636,24.495457,CSI
8611874013000,1.484977,2.70679741721303,8.93430292428702,0.302529121530498,-0.08368854,0.20616703,0.09743301,318.42972,-114.697266,24.442095,CSI
8611879122000,1.490086,2.79498090491258,8.7738011663113,0.291201900411087,-0.1151481,0.20158553,0.057726767,318.29147,-114.63722,24.390636,CSI
8611884070000,1.495034,2.90814164381237,8.6606407228145,0.307367719048188,-0.12583824,0.18936823,0.031154128,318.15442,-114.57187,24.33374,CSI
8611888936000,1.4999,3.01942704306183,8.54935561407249,0.323265632040938,-0.13255776,0.18234327,0.021380283,318.01215,-114.52387,24.294916,CSI
8611894039000,1.505003,3.14561276975604,8.4414641483337,0.398788173865171,-0.13561209,0.16432275,0.010079277,317.87842,-114.468735,24.248434,CSI
8611899214000,1.510178,3.27374096372426,8.33999897834284,0.481640336667311,-0.14202617,0.1432479,0.004581489,317.7495,-114.41327,24.201494,CSI
8611904029000,1.514993,3.37628216830707,8.32216536913855,0.517306833500919,-0.1459968,0.12339478,0.002443461,317.61484,-114.38833,24.185669,CSI
8611909403000,1.520367,3.48988363294257,8.30669871073849,0.556197562483059,-0.15088372,0.0711658,0.0012217305,317.47977,-114.38918,24.197153,CSI
8611914029000,1.524993,3.57096322397982,8.38120437982886,0.5715369341198,-0.15851954,0.052534413,0.0009162979,317.34253,-114.39004,24.208595,CSI
8611918983000,1.529947,3.65779164896869,8.46099276821487,0.587963922249592,-0.16126843,0.019242255,-0.004886922,317.2125,-114.40802,24.23723,CSI
8611923999000,1.534963,3.74570674378988,8.54177971939457,0.604596496423802,-0.16982053,0.013439035,-0.010079277,317.0818,-114.42598,24.265877,CSI
8611928987000,1.539951,3.83313108449325,8.62211570673196,0.621136225287629,-0.17287487,-0.0061086523,-0.014966198,316.96768,-114.44276,24.29208,CSI
8611934007000,1.544971,3.93787782653676,8.72628150441945,0.666846243857975,-0.172264,0.00030543262,-0.022602014,316.84735,-114.45931,24.317795,CSI
8611938967000,1.549931,4.04284160958216,8.83124558638007,0.714557134496786,-0.17928895,-0.013133603,-0.03940081,316.74097,-114.471825,24.338802,CSI
8611943995000,1.554959,4.16146702085073,8.93661313784536,0.700584060962035,-0.17989981,-0.030543262,-0.054061573,316.62427,-114.50157,24.377542,CSI
8611948946000,1.55991,4.27927375813954,9.04028251162791,0.681735030232558,-0.20891592,-0.04520403,-0.059253927,316.51285,-114.528305,24.413599,CSI
8611953995000,1.564959,4.32093323874366,9.09368732829738,0.640708477213001,-0.22449298,-0.06047566,-0.06566802,316.40033,-114.56134,24.456009,CSI
8611958953000,1.569917,4.35396886434748,9.14088121995825,0.598233945150581,-0.2312125,-0.07696902,-0.073303826,316.2948,-114.59205,24.495798,CSI
8611963968000,1.574932,4.30993989493125,9.11129949292382,0.589443204067048,-0.2284636,-0.08674286,-0.07788532,316.18954,-114.63405,24.546171,CSI
8611968924000,1.579888,4.25753722127873,9.0731885841614,0.584679315599719,-0.24617869,-0.112704635,-0.099571034,316.0963,-114.66805,24.588245,CSI
8611973974000,1.584938,4.17778162874252,9.01968879041916,0.547024923353293,-0.25381452,-0.13988814,-0.105068825,315.99918,-114.70719,24.633858,CSI
8611978970000,1.589934,4.09592391860089,8.96511695200076,0.506096144260051,-0.267559,-0.15057829,-0.11636983,315.9068,-114.73764,24.670748,CSI
8611984005000,1.594969,3.97056001576617,8.86464741020223,0.447312705353657,-0.28496864,-0.1591304,-0.1282817,315.82745,-114.75972,24.698708,CSI
8611988945000,1.599909,3.8372807641312,8.75516818291579,0.385432984999497,-0.29657507,-0.16035213,-0.13103059,315.7508,-114.781,24.725586,CSI
8611993982000,1.604946,3.71226219335938,8.57362855976562,0.346758963734375,-0.30909783,-0.15057829,-0.15393804,315.67535,-114.7825,24.731949,CSI
8611998990000,1.609954,3.59048709804688,8.37691441757812,0.313973367921875,-0.33017266,-0.14752395,-0.16768251,315.60403,-114.78577,24.74003,CSI
8612004646000,1.61561,3.51533774008355,8.22447038273324,0.366574327085737,-0.3454443,-0.14355333,-0.17287487,315.54233,-114.770164,24.728222,CSI
8612009030000,1.619994,3.46940254215238,8.12007262184205,0.42503723016113,-0.3594942,-0.14782938,-0.18997909,315.4834,-114.74774,24.709614,CSI
8612014030000,1.624994,3.48265868253435,8.1178329445982,0.531359899209252,-0.3894266,-0.16982053,-0.19364429,315.43692,-114.721054,24.686462,CSI
8612019047000,1.630011,3.51590249386182,8.15107670633587,0.650087895986953,-0.43401974,-0.20463985,-0.19730948,315.39694,-114.690186,24.659172,CSI
8612024037000,1.635001,3.55614826290931,8.21612065429649,0.750805312383409,-0.4700608,-0.23762658,-0.19394971,315.35507,-114.66155,24.634708,CSI
8612029203000,1.640167,3.60033012165112,8.29466610121056,0.848987044135741,-0.5012149,-0.27458394,-0.16890424,315.32648,-114.63895,24.616154,CSI
8612034027000,1.644991,3.62051667676768,8.37638463299663,0.918438326599327,-0.5513059,-0.33078352,-0.16554448,315.30173,-114.615776,24.598017,CSI
8612039031000,1.649995,3.63434706845599,8.4639774987975,0.982980202616643,-0.602924,-0.3943135,-0.17195857,315.29175,-114.598206,24.584879,CSI
8612043971000,1.654935,3.65586775532089,8.49184774938553,0.955521205006828,-0.6407976,-0.43676865,-0.17287487,315.2854,-114.58755,24.578672,CSI
8612049036000,1.66,3.68236197034137,8.48743195466545,0.876038513837051,-0.66553766,-0.46486846,-0.17562376,315.29465,-114.57605,24.57075,CSI
8612054030000,1.664994,3.71547445909436,8.45681055880117,0.764934061635357,-0.6930266,-0.4728097,-0.19547687,315.30527,-114.55817,24.555792,CSI
8612059032000,1.669996,3.75708866571832,8.39438957476382,0.614082453990661,-0.71685034,-0.4709771,-0.21655174,315.3216,-114.5412,24.540592,CSI
8612064035000,1.674999,3.81990599454672,8.35263808458553,0.482573286354861,-0.73731434,-0.45937067,-0.24007004,315.34064,-114.52375,24.52374,CSI
8612069034000,1.679998,3.8961316658573,8.32405289819883,0.363470740845855,-0.7440339,-0.46639562,-0.2947425,315.36487,-65.50668,24.492962,CSI
8612074157000,1.685121,4.04712816456739,8.29795614125957,0.239532902319011,-0.7302894,-0.44929138,-0.32528573,315.3885,-65.52803,24.470629,CSI
8612079174000,1.690138,4.2403713504022,8.27438992309202,0.116988484181872,-0.74281216,-0.40591997,-0.31948254,315.406,-65.5527,24.444214,CSI
8612084052000,1.695016,4.36232512804417,8.19190893613211,-0.05711976152308,-0.74036866,-0.37293324,-0.33108896,315.42422,-65.57398,24.42125,CSI
8612089023000,1.699987,4.4381010798647,8.06403673617191,-0.274975918487863,-0.7189884,-0.33017266,-0.33353242,315.42618,-65.589966,24.403156,CSI
8612094017000,1.704981,4.56306904211667,8.05803872053607,-0.427915654446196,-0.68600166,-0.27855456,-0.3436117,315.39282,-65.57215,24.41936,CSI
8612099047000,1.710011,4.72920987272369,8.15297625305479,-0.527600132983839,-0.6630942,-0.26358834,-0.35246924,315.36008,-65.55564,24.434177,CSI
8612104030000,1.714994,4.89954218214357,8.24000977778882,-0.562177984012726,-0.6383542,-0.26450464,-0.36377025,315.33008,-65.53235,24.456966,CSI
8612109018000,1.719982,5.07526875760589,8.32074961831378,-0.538431176297475,-0.623388,-0.24740042,-0.34330627,315.29263,-65.50443,24.484325,CSI
8612114002000,1.724966,5.15949642424242,8.42421987779434,-0.512309231445604,-0.59712076,-0.22571471,-0.31245756,315.27917,-65.47434,24.514198,CSI
8612118996000,1.72996,5.15474455757576,8.55014161549926,-0.483798597084948,-0.5873469,-0.22418754,-0.28863382,315.26794,-65.441986,24.546314,CSI
8612124022000,1.734986,5.14996224242424,8.67687022056632,-0.455105275439642,-0.55924714,-0.23060162,-0.27550024,315.26215,-65.396996,24.590528,CSI
8612129049000,1.740013,5.14517897575758,8.80362404023845,-0.426406244816691,-0.5345071,-0.22785273,-0.25717425,315.2536,-65.34542,24.641344,CSI
8612134002000,1.744966,5.11330449560624,8.87718157671801,-0.429919944578397,-0.5143485,-0.21777347,-0.22693644,315.24533,-65.288605,24.697594,CSI
8612139003000,1.749967,5.05182977223539,8.89609679265403,-0.467750608526856,-0.49449542,-0.19975294,-0.19700404,315.2342,-65.228645,24.757156,CSI
8612144383000,1.755347,4.93589626471225,8.91558000324734,-0.476979574282879,-0.48747048,-0.17898351,-0.17470746,315.21616,-65.1765,24.808933,CSI
8612149015000,1.759979,4.79184520117265,8.9315855980516,-0.456972455430272,-0.47494772,-0.14996742,-0.14508049,315.19077,-65.11616,24.868992,CSI
8612153964000,1.764928,4.63495989574398,8.96038665984823,-0.442940732144507,-0.47678033,-0.14630222,-0.14049901,315.1849,-65.07837,24.90641,CSI
8612159046000,1.77001,4.4636831382382,9.02996808709997,-0.453645532283075,-0.462425,-0.14019357,-0.14813483,315.16986,-65.03759,24.946945,CSI
8612169119000,1.780083,4.19546364869345,9.08605562851014,-0.500053863012383,-0.4474588,-0.09010262,-0.17195857,315.11203,-65.00969,24.974377,CSI
8612173952000,1.784916,4.08038367952418,9.09733796918877,-0.52713149713436,-0.44012842,-0.05589417,-0.1853976,315.08325,-65.02503,24.959326,CSI
8612179133000,1.790097,3.95701738110374,9.10943269442278,-0.556158855376853,-0.43249258,-0.022602014,-0.18509217,315.047,-65.04021,24.944292,CSI
8612183988000,1.794952,3.85333323017293,9.13942018127609,-0.558254921311866,-0.42271876,0.030543262,-0.20616703,315.0028,-65.07469,24.909306,CSI
8612189032000,1.799996,3.77171998676207,9.21143177817531,-0.505446376815742,-0.42424592,0.093462385,-0.25778514,314.9475,-65.11735,24.8659,CSI
8612193970000,1.804934,3.69737429184061,9.26360678937381,-0.459341440455408,-0.4202753,0.12492194,-0.28710666,314.90338,-65.20118,24.781996,CSI
8612199040000,1.810004,3.63433555340058,9.27330475302107,-0.425397484118646,-0.4266894,0.17715092,-0.28710666,314.83636,-65.289,24.69359,CSI
8612203974000,1.814938,3.60103382455808,9.23491816262827,-0.368166571183927,-0.43676865,0.24953845,-0.28863382,314.768,-65.39738,24.584175,CSI
8612209021000,1.819985,3.63437631630594,9.08070939941364,-0.25146777173062,-0.4382958,0.2950479,-0.29443705,314.6949,-65.50397,24.476452,CSI
8612214359000,1.825323,3.66893400530973,8.92405848672566,-0.128227515221239,-0.4334089,0.32436943,-0.28405234,314.61224,-65.61729,24.36121,CSI
8612219036000,1.83,3.68715827287153,8.89672199023497,-0.0234379006225206,-0.42943826,0.33017266,-0.27885997,314.52655,-65.730156,24.246264,CSI
8612224326000,1.83529,3.70987996686538,8.87470335134615,0.0916749026634615,-0.44532076,0.31612277,-0.27091873,314.4284,-65.81296,24.159695,CSI
8612229096000,1.84006,3.75380442013462,8.95376701865385,0.157561490836538,-0.42913285,0.29229903,-0.28344148,314.3356,-65.89758,24.07167,CSI
8612234526000,1.84549,3.80045055954643,9.04474505822862,0.23427614315354,-0.41263947,0.2666427,-0.27030787,314.24292,-65.963066,24.001211,CSI
8612239035000,1.849999,3.76516041434263,9.14179288844622,0.335735124063745,-0.43004912,0.23915374,-0.24617869,314.16165,-66.02579,23.933212,CSI
8612244338000,1.855302,3.72063876082474,9.2543543814433,0.453664208350515,-0.453262,0.20525073,-0.24465153,314.0869,-66.08778,23.865053,CSI
8612249042000,1.860006,3.61930948682287,9.32190770103093,0.52966114180881,-0.48349985,0.17104226,-0.22632557,314.02325,-66.13506,23.811165,CSI
8612253927000,1.864891,3.51408127604499,9.39206032989691,0.608582277000937,-0.51068336,0.14080444,-0.20311269,313.97217,-66.18798,23.749792,CSI
8612259030000,1.869994,3.34196577667927,9.49892863535912,0.60674181451294,-0.55863625,0.11209377,-0.17989981,313.93277,-66.23189,23.696308,CSI
8612263936000,1.8749,3.16435906616264,9.60822491896869,0.588525756149074,-0.59895337,0.09468412,-0.1554652,313.90024,-66.265854,23.652119,CSI
8612269033000,1.879997,2.74933334311802,10.0800530762506,0.459949994331229,-0.6377433,0.08307768,-0.12003502,313.87604,-66.30933,23.595688,CSI
8612273995000,1.884959,2.27851728674114,10.6431858533269,0.30301127513356,-0.6795876,0.08277224,-0.09285152,313.8543,-66.34427,23.546165,CSI
8612279071000,1.890035,1.91599825827448,10.6612943282625,0.117229765586874,-0.6942484,0.10048734,-0.067500606,313.8414,-66.404884,23.470947,CSI
8612283987000,1.894951,1.60905754481147,10.4720147068347,-0.0720503013417364,-0.71929383,0.12003502,-0.040927973,313.82806,-66.45301,23.406147,CSI
8612289005000,1.899969,1.19475288591382,10.3856564745914,-0.408970907327588,-0.7583892,0.15149458,-0.008246681,313.85443,-66.61419,23.23206,CSI
8612294067000,1.905031,0.762558573759287,10.3136241393759,-0.769132832117286,-0.7797695,0.20341812,0.0143553335,313.86768,-66.76568,23.066519,CSI
8612299031000,1.909995,0.340936075545482,10.2708284442294,-1.0761015442131,-0.79137594,0.24404067,0.01160644,313.89676,-66.95436,22.865944,CSI
8612303916000,1.91488,-0.0736605423775084,10.2327038481206,-1.37156116292554,-0.7959574,0.36346483,-0.008246681,313.88495,-67.136154,22.669603,CSI
8612308933000,1.919897,-0.348556687899095,10.0284137550549,-1.37112650233006,-0.79381937,0.3830125,-0.011301007,313.93643,-67.3895,22.411922,CSI
8612313902000,1.924866,-0.600558766975737,9.80390308232236,-1.32988987842288,-0.81061816,0.36774087,-0.018020526,313.9617,-67.64295,22.15204,CSI
8612318917000,1.929881,-0.759395997553908,9.57519957913577,-1.15770073415154,-0.84696466,0.33750305,-0.065973446,314.03195,-67.98437,21.810978,CSI
8612323921000,1.934885,-0.894181400980142,9.34647289337765,-0.953480384573425,-0.86498517,0.2779437,-0.13988814,314.11493,-68.32835,21.468182,CSI
8612329108000,1.940072,-0.902581365832575,9.14970429981802,-0.562495796025933,-0.9074403,0.14660765,-0.22113322,314.22873,-68.70843,21.086613,CSI
8612333913000,1.944877,-0.776967451251137,9.00838855027298,-0.018168918461101,-0.9602802,-0.029626964,-0.28038713,314.3734,-69.0954,20.698694,CSI
8612338922000,1.949886,-0.5903977890242,9.02269734972678,0.496266981451991,-1.024421,-0.23273966,-0.3436117,314.54208,-69.494675,20.292091,CSI
8612343936000,1.9549,-0.379545448282592,9.10703803551912,0.988255794455504,-1.1032226,-0.45540005,-0.38759398,314.76843,-69.8967,19.882784,CSI
8612348948000,1.959912,-0.102977509553589,9.26576082674533,1.33760962902655,-1.1731668,-0.6609562,-0.4089743,314.99872,-70.249115,19.508657,CSI
8612353964000,1.964928,0.208768744936087,9.46414535299902,1.61156845663717,-1.2458596,-0.850019,-0.42485678,315.28946,-70.602745,19.13166,CSI
8612358934000,1.969898,0.58543673063166,9.85886696445316,1.80001595826443,-1.3231341,-1.0348058,-0.43799037,315.59616,-70.89753,18.793774,CSI
8612363976000,1.97494,1.0093976093905,10.381614613247,1.93996418763959,-1.3820826,-1.1835514,-0.42332962,315.9462,-71.177734,18.466883,CSI
8612368923000,1.979887,1.32802450596013,10.7854242373722,2.02252441696106,-1.4318681,-1.2953397,-0.40317106,316.30804,-71.3922,18.189255,CSI
8612374040000,1.985004,1.38876764601797,10.9018482764177,1.95671940582584,-1.4682146,-1.3753631,-0.37873647,316.70132,-71.58806,17.924837,CSI
8612379070000,1.990034,1.44783452991823,10.9527372044252,1.84990528808722,-1.486846,-1.4162911,-0.36468655,317.0942,-71.71301,17.719616,CSI
8612383970000,1.994934,1.50426348614719,10.8925466320346,1.673094401443,-1.4914275,-1.4410311,-0.36071593,317.50137,-71.82132,17.526016,CSI
8612388964000,1.999928,1.56177495704666,10.8312013833574,1.49289163248357,-1.4798211,-1.427592,-0.36682457,317.90814,-71.9231,17.335419,CSI
8612393994000,2.004958,1.50493121425126,10.6904616570854,1.36264966066332,-1.4523321,-1.4129313,-0.3811799,318.31644,-72.01663,17.150377,CSI
8612398985000,2.009949,1.4280704161809,10.5367398603015,1.24255461351759,-1.4150693,-1.3787229,-0.39278635,318.70932,-72.103065,16.96954,CSI
8612403968000,2.014932,1.40379961629956,10.3208613938326,1.21226346352423,-1.3952162,-1.3353515,-0.4120286,319.10178,-72.19209,16.793371,CSI
8612409125000,2.020089,1.39970087646621,10.0898638532862,1.19742630793148,-1.3775011,-1.2928963,-0.43279803,319.4778,-72.27995,16.618158,CSI
8612413956000,2.02492,1.54613810169428,9.90897074157512,1.2017332824986,-1.3710871,-1.2660183,-0.46120325,319.8528,-72.38434,16.427156,CSI
8612418892000,2.029856,1.69575808590579,9.72414598491901,1.20613386756656,-1.359786,-1.2635747,-0.4859433,320.219,-72.48303,16.236341,CSI
8612423929000,2.034893,1.95732240383613,9.58197812926092,1.24203384574169,-1.348485,-1.2565498,-0.4914411,320.56924,-72.57728,16.04762,CSI
8612429311000,2.040275,2.25555207144583,9.44231544099879,1.28662440676601,-1.3451253,-1.255328,-0.47952923,320.91394,-72.66656,15.862555,CSI
8612434341000,2.045305,2.59506010557793,9.43261501610954,1.36422628654853,-1.318858,-1.2748758,-0.4654793,321.24545,-72.71837,15.71314,CSI
8612439250000,2.050214,2.92384306332327,9.41793564549915,1.44236485829402,-1.3035865,-1.2690725,-0.43493605,321.5462,-72.70532,15.621708,CSI
8612443986000,2.05495,3.18918146287035,9.29810519296094,1.56647478152482,-1.3002267,-1.2678508,-0.3885103,321.84534,-72.682014,15.5438595,CSI
8612448940000,2.059904,3.46673349651821,9.17275889611247,1.69629753483676,-1.2825116,-1.251052,-0.34697145,322.11768,-72.59356,15.527992,CSI
8612453991000,2.064955,3.7065388121399,9.0829132884671,1.71021985112246,-1.2596041,-1.2541064,-0.32895094,322.3864,-72.49864,15.522167,CSI
8612458952000,2.069916,3.93541704938819,9.00051738308122,1.70564229020137,-1.2425,-1.251052,-0.29901853,322.63855,-72.39072,15.532874,CSI
8612464038000,2.075002,4.11379703175168,9.05560555812574,1.69321465717675,-1.2412782,-1.1945469,-0.2565634,322.85767,-72.20879,15.602638,CSI
8612468935000,2.079899,4.27142050207592,9.14368911120997,1.67930671245552,-1.2269229,-1.135904,-0.19853121,323.0658,-72.02047,15.685958,CSI
8612474024000,2.084988,4.27327381634166,9.27717105620754,1.69903436071649,-1.2281445,-1.0989466,-0.12736541,323.30078,-71.77751,15.813498,CSI
8612479068000,2.090032,4.22638789360275,9.42209181222977,1.7288709136504,-1.2333369,-1.0680978,-0.086132,323.51273,-71.53122,15.946533,CSI
8612484091000,2.095055,4.19876077748974,9.48242930978613,1.79482681222726,-1.2538009,-1.0842859,-0.04886922,323.75107,-71.25137,16.110088,CSI
8612489035000,2.099999,4.18853239019227,9.46708624821776,1.89199761300497,-1.2751812,-1.1441506,-0.0070249503,323.98584,-70.96286,16.286285,CSI
8612494022000,2.104986,4.00183082252693,9.53642109049951,1.9031985501763,-1.3191634,-1.1725558,0.034208454,324.23083,-70.676994,16.452675,CSI
8612499036000,2.11,3.72435085700294,9.64929452987267,1.87027719583741,-1.3405437,-1.0836749,0.048258353,324.45215,-70.39173,16.61884,CSI
8612503978000,2.114942,3.38030594641124,9.57038538394662,2.09762761539628,-1.350623,-0.979217,0.08735373,324.6801,-70.079124,16.799654,CSI
8612509035000,2.119999,2.98374078121715,9.36965438414881,2.49419288283461,-1.3976597,-0.94134337,0.08368854,324.89737,-69.76886,16.969934,CSI
8612514033000,2.124997,2.64612840456793,9.09174907712082,2.81046243246984,-1.4355333,-0.9550878,0.06536258,325.12503,-69.50842,17.092424,CSI
8612519033000,2.129997,2.33839036818272,8.76980820308483,3.08505937729879,-1.4657712,-0.9630291,0.041233405,325.33475,-69.24736,17.209595,CSI
8612524010000,2.134974,2.17321551244311,8.51348184622833,3.33488767310933,-1.4743233,-0.9370673,0.015577064,325.5533,-68.98783,17.278782,CSI
8612529181000,2.140145,2.09169437447468,8.28809945240631,3.57945093679675,-1.4828753,-0.9083566,-0.0076358155,325.7704,-68.729996,17.342901,CSI
8612534052000,2.145016,2.13496090266221,7.92921758680028,3.77242816416641,-1.473407,-0.81397796,-0.06963864,325.97253,-68.47668,17.357492,CSI
8612539037000,2.150001,2.2702712317441,7.45079938101022,3.94156605028849,-1.4419475,-0.64812803,-0.1872302,326.1484,-68.24323,17.344282,CSI
8612543978000,2.154942,2.37520751611481,7.22295217319749,4.12478358405172,-1.3909402,-0.5946773,-0.24984388,326.31317,-67.98146,17.33597,CSI
8612549026000,2.15999,2.46045309409287,7.17559354623824,4.32369001508621,-1.3341297,-0.5299256,-0.30940324,326.43378,-67.749985,17.28518,CSI
8612554030000,2.164994,2.54586312783773,7.36744589633293,4.62847903067546,-1.2699889,-0.44532076,-0.3567453,326.53482,-67.45967,17.263222,CSI
8612559025000,2.169989,2.63189940751399,7.76416833113509,5.02520171502798,-1.1988231,-0.4560109,-0.38637227,326.64838,-67.18807,17.23294,CSI
8612564021000,2.174985,2.78651915879192,8.19320825131854,5.25307253758583,-1.1691961,-0.464563,-0.3933972,326.72256,-66.883415,17.210876,CSI
8612569033000,2.179997,3.00146129002886,8.65175138814807,5.33427282290775,-1.1621711,-0.48441613,-0.38545597,326.8052,-66.58949,17.187487,CSI
8612574016000,2.18498,3.18603973891487,8.93208778203929,5.29156649822264,-1.1230757,-0.47128254,-0.37934732,326.88574,-66.2754,17.153957,CSI
8612579083000,2.190047,3.34698035334637,9.05588822153244,5.13475252201718,-1.1004738,-0.43371433,-0.3475823,326.96396,-65.95254,17.129593,CSI
8612583930000,2.194894,3.49236972900648,9.14503424038877,4.99827719865011,-1.0705414,-0.37415496,-0.3023783,327.0484,-65.634186,17.1163,CSI
8612589036000,2.2,3.59798353431965,9.07638555917926,4.92962824173866,-0.9960158,-0.3408628,-0.27763826,327.13068,-65.33003,17.105196,CSI
8612593984000,2.204948,3.65900468943878,8.96260125467683,4.85446379812927,-0.9285152,-0.3231477,-0.25961772,327.22662,-65.03649,17.11966,CSI
8612599036000,2.21,3.6302714456894,8.74231295258834,4.75868631896466,-0.8872818,-0.27947086,-0.25320363,327.30612,-64.75468,17.132236,CSI
8612603975000,2.214939,3.53378201002384,8.37826404548789,4.76036436225238,-0.8045095,-0.23762658,-0.24037547,327.38147,-64.486015,17.168829,CSI
8612609033000,2.219997,3.26724039291086,7.64083213763756,4.99580943804109,-0.7305948,-0.20463985,-0.22021692,327.44675,-64.22645,17.205551,CSI
8612614002000,2.224966,3.04036916608127,6.9486488344905,5.22846540694303,-0.68752885,-0.15332718,-0.21899518,327.52844,-63.97422,17.23575,CSI
8612619020000,2.229984,3.07962300136818,6.49723054845824,5.47380139074944,-0.6609562,-0.099265605,-0.22388211,327.5996,-63.735695,17.26603,CSI
8612624037000,2.235001,3.14418876498619,6.03600709689227,5.71154685676796,-0.6569856,-0.06841691,-0.22174409,327.61,-63.43553,17.293446,CSI
8612629171000,2.240135,3.34306992645028,5.51212469059787,5.91527862507893,-0.66828656,-0.058948494,-0.19303341,327.61063,-63.136597,17.323168,CSI
8612634028000,2.244992,3.52957755896226,5.04396306519542,6.09921401398248,-0.6722572,0.012217305,-0.16157386,327.56415,-62.762764,17.371925,CSI
8612639028000,2.249992,3.71107873820755,4.73742794053234,6.23231500791779,-0.6737844,0.05222898,-0.12064589,327.52173,-62.38319,17.431927,CSI
8612643962000,2.254926,3.89018410188679,4.43493907951482,6.36365906873315,-0.6597345,0.03604105,-0.08827003,327.43872,-61.9068,17.557299,CSI
8612649033000,2.259997,4.05901965314422,4.40445808802817,6.58173504195596,-0.6426302,0.03726278,-0.07391469,327.33923,-61.43073,17.680622,CSI
8612654029000,2.264993,4.2203720191827,4.46615165140845,6.82376354146003,-0.6273586,0.02107485,-0.08032878,327.24973,-60.959732,17.80866,CSI
8612659028000,2.269992,4.45620050699891,4.68707718708429,6.96706928025414,-0.6426302,-0.029626964,-0.07727446,327.14102,-60.403374,18.001661,CSI
8612663955000,2.274919,4.71383692231709,4.95876638661769,7.07480804256924,-0.6719518,-0.09010262,-0.07727446,327.0421,-59.854343,18.192688,CSI
8612669033000,2.279997,4.94579546859441,5.17804828709307,6.97203994243585,-0.70432764,-0.09590584,-0.07269296,326.92886,-59.26011,18.40404,CSI
8612674076000,2.28504,5.16313602106473,5.37226742816928,6.78706947214669,-0.7528914,-0.018936822,-0.11575896,326.81754,-58.671425,18.596384,CSI
8612679074000,2.290038,5.38510602857859,5.62364644840618,6.61063480565357,-0.79412484,0.05222898,-0.11026118,326.71457,-58.059616,18.826223,CSI
8612684067000,2.295031,5.6103865749599,5.90644549392542,6.43807940834002,-0.80848014,0.09621128,-0.094989546,326.60535,-57.45868,19.036535,CSI
8612689544000,2.300508,5.65580736803987,6.28177052034381,6.21042711325399,-0.7834347,0.15088372,-0.07422013,326.5112,-56.884632,19.261196,CSI
8612694039000,2.305003,5.61639832084223,6.61455762358865,6.009003333018,-0.7538077,0.17012598,-0.043066,326.4146,-56.314777,19.486584,CSI
8612699034000,2.309998,5.5096926385159,6.94995305671378,5.84168279858657,-0.7272351,0.16279559,-0.027183503,326.35532,-55.78729,19.72781,CSI
8612704029000,2.314993,5.37352770300353,7.2692362709364,5.70082262190813,-0.64812803,0.1423316,0.03145956,326.2869,-55.27697,19.982042,CSI
8612709027000,2.319991,5.13144582151418,7.51255727107471,5.58589636446264,-0.54550266,0.07849618,0.09468412,326.28497,-54.859097,20.217508,CSI
8612714037000,2.325001,4.8295354753296,7.71383096863763,5.48525951568118,-0.464563,0.096516706,0.13133603,326.26382,-54.457962,20.44817,CSI
8612719029000,2.329993,4.54881988704613,7.77608428830207,5.35553509540295,-0.45265114,0.09437868,0.15302174,326.30237,-54.134705,20.656185,CSI
8612724216000,2.33518,4.26887096997021,7.76008731470896,5.20356280227035,-0.4569272,0.12675454,0.1554652,326.32495,-53.82988,20.8572,CSI
8612729091000,2.340055,3.97713598288344,7.76486933895706,5.05984577310838,-0.48472157,0.19272798,0.13316862,326.3894,-53.591084,20.980383,CSI
8612734066000,2.34503,3.53868877506135,7.86717349923313,4.90882527336401,-0.4886922,0.2657264,0.13225232,326.44,-53.357697,21.101551,CSI
8612739017000,2.349981,3.11171490320649,7.93782785078231,4.83937126920997,-0.45875978,0.35277468,0.12858713,326.50262,-53.185936,21.14753,CSI
8612743988000,2.354952,2.72089631391733,7.88265354360634,5.09685173744447,-0.44073927,0.40133846,0.12339478,326.5569,-53.01464,21.187534,CSI
8612749008000,2.359972,2.33094117500762,7.85134994117647,5.3676031954587,-0.46120325,0.3680463,0.12767084,326.6419,-52.91301,21.145536,CSI
8612754032000,2.364996,1.9741075299807,7.99310554901961,5.71466043150462,-0.5002986,0.33750305,0.1600467,326.7099,-52.809174,21.103182,CSI
8612759602000,2.370566,1.61412701276095,8.16564256679408,6.03170145650299,-0.60231316,0.19853121,0.22540927,326.76932,-52.68192,21.013529,CSI
8612764059000,2.375023,1.41332101237871,8.34134831402529,6.11955424275213,-0.7467828,0.04642576,0.29229903,326.83575,-52.53192,20.94094,CSI
8612769026000,2.37999,1.18981470636275,8.55839906692532,6.18649197757517,-0.9239337,-0.099571034,0.3408628,326.89832,-52.357067,20.822168,CSI
8612774078000,2.385042,0.9645637157129,8.93850939088264,6.02224641047527,-1.0842859,-0.2574797,0.42394048,326.98776,-52.13803,20.75518,CSI
8612779175000,2.390139,0.764932080090498,9.28153593164533,5.84867589538847,-1.2330315,-0.37232238,0.46792278,327.1117,-51.913155,20.648783,CSI
8612784063000,2.395027,0.859573491855204,9.19140134341003,5.60080558950611,-1.35551,-0.44012842,0.4783075,327.25577,-51.651894,20.573956,CSI
8612789364000,2.400328,0.968407336537695,9.09416700019944,5.34922151360191,-1.4556919,-0.31856623,0.40042216,327.44043,-51.45952,20.419298,CSI
8612794034000,2.404998,1.18248166402074,9.0183493546071,5.45625858420423,-1.4761559,-0.28252518,0.35063666,327.65594,-51.253384,20.301674,CSI
8612799372000,2.410336,1.41757451365657,8.91942793616162,5.59191861690909,-1.4639386,-0.1001819,0.24556783,327.85208,-51.061,20.140882,CSI
8612804023000,2.414987,1.42207367494949,8.57749111414141,5.98784513954545,-1.4013249,-0.038179077,0.21197024,328.06345,-50.875137,20.002613,CSI
8612809323000,2.420287,1.4499055883277,8.20934156333267,6.43765554672897,-1.3243558,0.0033597588,0.055283304,328.25354,-50.686676,19.828875,CSI
8612813976000,2.42494,1.85307115281368,8.24478448856631,6.80980857476636,-1.2547172,0.0067195175,-0.0711658,328.43735,-50.514538,19.654928,CSI
8612819317000,2.430281,2.30084851707142,8.30342963200108,7.20831992475132,-1.2925909,-0.01038471,-0.112704635,328.5511,-50.249825,19.47207,CSI
8612824016000,2.43498,2.35730705049736,8.75913051644412,6.9139293222959,-1.3738359,0.056505036,-0.13041973,328.6623,-50.00862,19.255053,CSI
8612829333000,2.440297,2.42119086029214,9.27476397092033,6.58082124967291,-1.4135422,0.11636983,-0.15485434,328.75256,-49.698547,19.098707,CSI
8612834006000,2.44497,2.3659122657713,9.42487901151189,6.19273964927091,-1.3979651,0.10445796,-0.16646078,328.84756,-49.387257,18.945902,CSI
8612838926000,2.44989,2.27809239645872,9.50236671900011,5.75880692303476,-1.3588698,0.17470746,-0.19303341,328.91785,-49.08198,18.763874,CSI
8612843981000,2.454945,2.17880181387027,9.3496094899448,5.53555133734227,-1.3387111,0.23518312,-0.18784106,329.07742,-48.87671,18.585192,CSI
8612848943000,2.459907,2.08042620170544,9.17628092093848,5.33880001518139,-1.3341297,0.26053402,-0.1777618,329.23196,-48.68278,18.40084,CSI
8612854002000,2.464966,2.12589977160739,8.87736953095569,5.25994091482217,-1.310306,0.29138273,-0.18203785,329.41486,-48.56463,18.202799,CSI
8612858948000,2.469912,2.18942580055633,8.56915074075104,5.19876760166899,-1.3197744,0.2733622,-0.17623462,329.59726,-48.43757,18.018696,CSI
8612864004000,2.474968,2.25436466071925,8.25407710482813,5.13623378215776,-1.3420709,0.22327125,-0.16798794,329.75592,-48.312912,17.826908,CSI
8612868973000,2.479937,2.31818609983111,7.94442502870058,5.07477599949334,-1.3726143,0.16035213,-0.14721853,329.91684,-48.18244,17.649494,CSI
8612874008000,2.484972,2.44135198027688,7.6882397709084,5.23150628139579,-1.4104879,0.11453723,-0.12064589,330.0748,-48.039146,17.481514,CSI
8612879012000,2.489976,2.57313165124218,7.44285701058221,5.4223595816044,-1.400714,0.102319926,-0.06719518,330.22903,-47.895885,17.333519,CSI
8612884084000,2.495048,2.62784731820812,7.20007133448383,5.54487615382867,-1.3634512,0.067500606,-0.02321288,330.36835,-47.674747,17.257647,CSI
8612888969000,2.499933,2.65685382931694,6.96801909417175,5.64156472611347,-1.3200798,0.06658431,0.06566802,330.48322,-47.449585,17.201874,CSI
8612894027000,2.504991,2.4907315463966,6.82544072002399,5.96661936320015,-1.2770138,0.0580322,0.08979719,330.5988,-47.172276,17.180094,CSI
8612898996000,2.50996,2.28434637586048,6.70687910533358,6.33547785757128,-1.2052372,0.030543262,0.1337795,330.69754,-46.90568,17.18707,CSI
8612904040000,2.515004,2.26980186712426,6.70063288909862,6.66260475690926,-1.162782,-0.044593163,0.16920967,330.7909,-46.599907,17.218954,CSI
8612908959000,2.519923,2.35539286433835,6.75293843782174,6.95741799866761,-1.1093313,0.05375614,0.17501289,330.8476,-46.319717,17.227322,CSI
8612913979000,2.524943,2.28828968948901,6.79649193178396,7.09664066503363,-1.0797043,0.0033597588,0.20830505,330.89163,-45.991463,17.240593,CSI
8612919009000,2.529973,2.14320986557575,6.83517990839273,7.15467280668608,-1.07665,0.018936822,0.25961772,330.8947,-45.6731,17.228806,CSI
8612924028000,2.534992,2.10547349454654,6.83274213279031,7.20400872225092,-1.0430524,0.03145956,0.31642818,330.88245,-45.337418,17.237999,CSI
8612929001000,2.539965,2.11730060947651,6.81145330121685,7.24895173428529,-1.0088439,-0.00061086525,0.36835176,330.8687,-45.00368,17.262613,CSI
8612933996000,2.54496,2.12918004625012,6.79007029021556,7.29409356921625,-0.9682214,0.033292156,0.41813725,330.83148,-44.68416,17.251875,CSI
8612938995000,2.549959,2.14106899608622,6.76867015568193,7.33927155376478,-0.9483683,0.016493361,0.42638394,330.8119,-44.373184,17.259243,CSI
8612943973000,2.554937,2.01651949636507,6.66011582314303,7.37337119652311,-0.90224797,0.014660766,0.45937067,330.7678,-44.072342,17.269625,CSI
8612949012000,2.559976,1.81632028518372,6.50281645003951,7.40197105539312,-0.88117313,0.0067195175,0.51923543,330.7228,-43.772125,17.291597,CSI
8612953994000,2.564958,1.81403448832808,6.41262377602524,7.50422870788644,-0.8213083,0.013744468,0.4550946,330.69125,-43.488632,17.29238,CSI
8612958971000,2.569935,1.92680367225946,6.36093784690457,7.64988897330442,-0.81214535,0.04642576,0.4147775,330.64023,-43.193745,17.306482,CSI
8612963969000,2.574933,1.81930774985493,6.37396032555278,7.70364388402201,-0.8045095,0.05375614,0.40622538,330.58554,-42.911583,17.286777,CSI
8612968999000,2.579963,1.55905237936968,6.43179485791896,7.69400480368184,-0.81122905,0.080634214,0.37415496,330.53482,-42.640778,17.24384,CSI
8612974011000,2.584975,1.48972296368819,6.48597867288902,7.77813416669616,-0.818254,0.11759156,0.30757064,330.47778,-42.351673,17.207163,CSI
8612979162000,2.590126,1.54791245318982,6.53931899185098,7.92845683313674,-0.81153446,0.124005646,0.2751948,330.42322,-42.06979,17.171999,CSI
8612983973000,2.594937,1.57307838695331,6.51543490892279,8.00691336970874,-0.816116,0.124005646,0.2452624,330.38885,-41.80896,17.06232,CSI
8612988996000,2.59996,1.57752630802589,6.43537228317152,8.04249669184466,-0.82924956,0.1301143,0.22693644,330.35852,-41.554817,16.947824,CSI
8612993972000,2.604936,1.60604680771886,6.36384663823868,8.07163209287731,-0.83169305,0.09285152,0.20922135,330.34137,-41.29526,16.839739,CSI
8612999012000,2.609976,1.67167513529965,6.30326679763623,8.09182530279259,-0.8216137,0.03970624,0.17501289,330.33597,-41.04448,16.729193,CSI
8613003995000,2.614959,1.69750874246157,6.21311797092538,8.06855138134989,-0.8249735,-0.0009162979,0.15974127,330.328,-40.778095,16.629564,CSI
8613008970000,2.619934,1.68295781708236,6.09185995555329,8.00064716420645,-0.8417723,-0.043676864,0.13836098,330.3419,-40.52018,16.535646,CSI
8613014620000,2.625584,1.70068277290156,5.95916334588259,7.97408842551902,-0.8512407,-0.09560041,0.11911872,330.37283,-40.24898,16.460651,CSI
8613018995000,2.629959,1.73397849158637,5.8592762767458,7.98241239864905,-0.8579602,-0.1151481,0.11056661,330.40955,-39.98053,16.387535,CSI
8613023997000,2.634961,1.79140901277228,5.74769313990099,8.023481803,-0.86406887,-0.14782938,0.1151481,330.4639,-39.704166,16.332216,CSI
8613029064000,2.640028,1.8682814229703,5.63718889346535,8.095549744,-0.8915578,-0.14538592,0.14202617,330.5129,-39.42417,16.27755,CSI
8613034055000,2.645019,1.99213009960231,5.58567653479817,8.14749824269238,-0.91690874,-0.18875736,0.12308934,330.58087,-39.128094,16.241323,CSI
8613039002000,2.649966,2.16170182907139,5.59038695625373,8.18047020918672,-0.93828905,-0.21319197,0.122478485,330.63522,-38.826828,16.210129,CSI
8613044003000,2.654967,2.34744671899785,5.61764266409455,8.18873236813831,-0.981355,-0.19242255,0.1423316,330.6792,-38.488083,16.193638,CSI
8613049151000,2.660115,2.55451453493846,5.67061356270756,8.16947036032428,-1.0170907,-0.18845193,0.14844026,330.73514,-38.15341,16.183939,CSI
8613053982000,2.664946,2.72671475050677,5.72355492943071,8.09897738306337,-1.0601566,-0.17165314,0.16493362,330.78152,-37.79613,16.202991,CSI
8613059025000,2.669989,2.87768211697452,5.78302698018376,7.9571597392441,-1.1200215,-0.13591751,0.19211712,330.82034,-37.430183,16.220097,CSI
8613063938000,2.674902,3.02276024581743,5.80892756660134,7.80747417054152,-1.1459832,-0.13103059,0.22815818,330.8726,-37.061478,16.279478,CSI
8613069035000,2.679999,3.16877118424961,5.76361384340382,7.62621896231047,-1.1566733,-0.12034045,0.2669481,330.91052,-36.685745,16.334644,CSI
8613073954000,2.684918,3.29022588701754,5.69880493804511,7.4872720879198,-1.1560625,-0.10140363,0.30909783,330.9665,-36.32161,16.423948,CSI
8613079159000,2.690123,3.38517312280702,5.59386305864662,7.40231949573935,-1.1410962,-0.0842994,0.35063666,331.01163,-35.962505,16.517015,CSI
8613084680000,2.695644,3.47405399858448,5.46118461870632,7.39546549557427,-1.131017,-0.08246681,0.3747658,331.04922,-35.605984,16.642672,CSI
8613089035000,2.699999,3.53383829306576,5.33787982834617,7.46272273907902,-1.112691,-0.09682214,0.3998113,331.07687,-35.258583,16.773878,CSI
8613094007000,2.704971,3.61191746420188,5.21199750786385,7.546512375,-1.1029172,-0.103847094,0.41172317,331.08948,-34.90087,16.923405,CSI
8613099039000,2.710003,3.74389455919405,5.16486257093114,7.66906254166667,-1.0800097,-0.13255776,0.42485678,331.1028,-34.555775,17.083525,CSI
8613103969000,2.714933,3.87460794040668,5.12611722347493,7.77384120817395,-1.0720685,-0.14446963,0.44837508,331.106,-34.173977,17.258419,CSI
8613109026000,2.71999,4.02086275383531,5.15049334811758,7.74946538896718,-1.094976,-0.15149458,0.49266282,331.10544,-33.793797,17.441803,CSI
8613113971000,2.724935,4.1490207588341,5.17260784987023,7.710373283889,-1.0903945,-0.16065755,0.52564955,331.1001,-33.403572,17.649185,CSI
8613119010000,2.729974,4.16828947634258,5.18224195712717,7.55622656178878,-1.0916162,-0.11056661,0.5534439,331.0763,-33.00946,17.847326,CSI
8613123991000,2.734955,4.18450519504035,5.17999341035229,7.42538377130486,-1.1065824,-0.09162979,0.5671884,331.05093,-32.609447,18.075153,CSI
8613129029000,2.739993,4.1797572196418,5.08978361296989,7.45387112792757,-1.1355985,-0.094989546,0.5723807,331.017,-32.210903,18.295671,CSI
8613133948000,2.744912,4.17109485357704,4.9984193568691,7.4842452483294,-1.1630874,-0.09101892,0.5626069,330.9823,-31.827646,18.514019,CSI
8613139028000,2.749992,4.11372420106132,4.86455491701061,7.54639687175708,-1.185384,-0.084910266,0.5479461,330.949,-31.445091,18.728954,CSI
8613144115000,2.755079,4.06290837943519,4.73349234335023,7.59842181712125,-1.20371,-0.06352998,0.5158757,330.9178,-31.046993,18.931688,CSI
8613149027000,2.759991,4.09318671571325,4.64265709739319,7.52651035843592,-1.2119566,-0.05100725,0.48472157,330.89188,-30.65461,19.12946,CSI
8613154405000,2.765369,4.12633754887762,4.54320433828144,7.44777668074664,-1.1945469,-0.06291912,0.4709771,330.86734,-30.24316,19.311617,CSI
8613158928000,2.769892,4.18296687137297,4.53929251372973,7.40485515152433,-1.1676689,-0.07941248,0.47555858,330.84613,-29.841295,19.487038,CSI
8613163948000,2.774912,4.26612482661622,4.59126606616216,7.37367112860541,-1.1664472,-0.10170906,0.4905248,330.82974,-29.44523,19.663435,CSI
8613168935000,2.779899,4.28702515669979,4.64705830914383,7.23595272733112,-1.1746938,-0.12736541,0.5332854,330.80637,-29.044369,19.863281,CSI
8613173934000,2.784898,4.28222003541102,4.70472116952725,7.05335410430593,-1.1746938,-0.15974127,0.58368176,330.78238,-28.650726,20.07043,CSI
8613178978000,2.789942,4.20303197332026,4.69768734987739,7.01755882059833,-1.1597277,-0.19150625,0.6239988,330.75238,-28.264442,20.29524,CSI
8613183940000,2.794904,4.09582600431584,4.66505934046101,7.04086440255027,-1.1178834,-0.1994475,0.65209866,330.7147,-27.887932,20.523943,CSI
8613188936000,2.7999,4.01581218249653,4.67031160639016,7.14762753903552,-1.0940597,-0.20189096,0.659429,330.68228,-27.540518,20.765175,CSI
8613193943000,2.804907,3.94920030252034,4.69410171257194,7.29512557136337,-1.067487,-0.21074851,0.67073005,330.6446,-27.207054,21.01065,CSI
8613198926000,2.80989,3.9416897132836,4.75388863690534,7.35149050183122,-1.0393872,-0.20952678,0.6747007,330.6043,-26.876904,21.226326,CSI
8613203940000,2.814904,3.96495203050092,4.8329805640248,7.36079533155702,-1.0207558,-0.22937989,0.67011917,330.56897,-26.556618,21.44636,CSI
8613209015000,2.819979,3.90517854744338,4.8736674939373,7.38474662276728,-0.9999864,-0.20952678,0.6750061,330.52545,-26.24021,21.630398,CSI
8613214019000,2.824983,3.79142754619721,4.88788630722975,7.4179239692612,-0.9850202,-0.21135938,0.6951646,330.4863,-25.931517,21.823004,CSI
8613219033000,2.829997,3.6940550691407,4.89094405939671,7.51292509462195,-0.98349303,-0.23609942,0.70616025,330.4527,-25.641829,22.012024,CSI
8613224163000,2.835127,3.60630733030363,4.88606918501687,7.65429665524906,-0.96486163,-0.20708331,0.7153232,330.4079,-25.363466,22.187181,CSI
8613229046000,2.84001,3.61321682288261,4.88690935485884,7.76134884231798,-0.9431759,-0.19364429,0.7431176,330.3585,-25.088774,22.346344,CSI
8613234041000,2.845005,3.68429574710253,4.89164794980683,7.85138214632987,-0.9254609,-0.19028452,0.7507534,330.31073,-24.82416,22.496521,CSI
8613239025000,2.849989,3.68932861534972,4.86246277963349,7.92016766455593,-0.9416488,-0.21227567,0.75747293,330.2522,-24.547174,22.623388,CSI
8613243989000,2.854953,3.64188857296562,4.80639732003085,7.97192025793341,-0.9593639,-0.2144137,0.75777835,330.19162,-24.27926,22.742235,CSI
8613249037000,2.860001,3.65751096181779,4.74572252460249,8.02611780565105,-0.97005403,-0.21930063,0.7489208,330.13513,-24.005514,22.871815,CSI
8613254034000,2.864998,3.79118500661796,4.6788852337774,8.08267227116459,-0.98807454,-0.20586158,0.73548174,330.07916,-23.731033,22.994246,CSI
8613259013000,2.869977,3.96944628524105,4.55767331233363,8.15280227536232,-1.0021244,-0.18234327,0.73823065,330.01398,-23.441072,23.099422,CSI
8613264038000,2.875002,4.19718227755102,4.37738267346939,8.238203,-1.0143417,-0.14844026,0.7657196,329.9441,-23.151035,23.19771,CSI
8613268990000,2.879954,4.27618156070826,4.14121825733558,8.25171836677909,-1.0128145,-0.13133603,0.7867944,329.87277,-22.846848,23.313765,CSI
8613274057000,2.885021,4.17990981728003,3.82833550586251,8.17951499900803,-0.9850202,-0.09040806,0.7458665,329.80554,-22.556473,23.40841,CSI
8613279043000,2.890007,4.15721095564676,3.58009201111551,8.11067804435324,-0.9550878,-0.113926366,0.6963864,329.7282,-22.219065,23.555136,CSI
8613284123000,2.895087,4.22456692281448,3.40208000953323,8.04332207718552,-0.9257663,-0.1423316,0.6545421,329.65784,-21.899311,23.6858,CSI
8613288940000,2.899904,4.33733365805441,3.18484205431591,7.98540504803288,-0.915687,-0.15577064,0.636827,329.58347,-21.539774,23.811214,CSI
8613294041000,2.905005,4.52856973869642,2.88364507753964,7.93281532554316,-0.90010995,-0.1459968,0.61850107,329.52386,-21.201122,23.930426,CSI
8613298929000,2.909893,4.70946137580757,2.67852177635424,7.9502497883113,-0.8775079,-0.12339478,0.61391956,329.4543,-20.837944,24.067034,CSI
8613304031000,2.914995,4.89400712056456,2.61538780986979,8.09108719958255,-0.8491027,-0.113926366,0.6252206,329.38776,-20.487188,24.201378,CSI
8613308940000,2.919904,5.00564088056111,2.59357849130593,8.20585501959803,-0.83016586,-0.11178834,0.65668017,329.3067,-20.082087,24.380772,CSI
8613314071000,2.925035,4.9967033234358,2.64496931062204,8.28629287040742,-0.8405506,-0.10323623,0.6976081,329.2193,-19.681265,24.55453,CSI
8613318931000,2.929895,4.98823781425064,2.69364586136777,8.36248229838123,-0.8417723,-0.108123146,0.732122,329.11957,-19.260447,24.75218,CSI
8613324045000,2.935009,4.97932986898872,2.74486641291379,8.44265364296108,-0.86406887,-0.102319926,0.7602218,329.00946,-18.835045,24.943884,CSI
8613329493000,2.940457,4.96764669707803,2.79099549157786,8.5290369360605,-0.8695667,-0.08368854,0.7849618,328.89236,-18.415432,25.131104,CSI
8613334134000,2.945098,4.92563013187521,2.70696232128738,8.61689007691647,-0.8604037,-0.047647487,0.8038987,328.76843,-17.99885,25.309868,CSI
8613338928000,2.949892,4.88222840518219,2.62015882670162,8.70763947516329,-0.8668178,-0.03145956,0.8194757,328.64142,-17.592506,25.46402,CSI
8613343991000,2.954955,4.81054878195263,2.54034691649845,8.76480727180973,-0.8793405,-0.0012217305,0.84238315,328.50415,-17.19138,25.603334,CSI
8613349024000,2.959988,4.72384935929849,2.46809728864795,8.79852339262516,-0.9080512,0.06078109,0.82863873,328.3713,-16.79496,25.72396,CSI
8613354032000,2.964996,4.69878771969849,2.39594374711558,8.89679371819096,-0.93187493,0.105068825,0.8228355,328.21707,-16.372646,25.8221,CSI
8613359043000,2.970007,4.70843376879397,2.32359790046231,9.03183941276382,-0.97066486,0.119729586,0.7910705,328.0755,-15.952806,25.90493,CSI
8613364038000,2.975002,4.84282863646564,2.3109135631136,8.8884934628331,-0.999681,0.11178834,0.77671516,327.92664,-15.519271,25.96146,CSI
8613369034000,2.979998,5.04414291192146,2.33008650140252,8.59610834361851,-1.0277808,0.111177474,0.7666359,327.78836,-15.088347,26.007523,CSI
8613374178000,2.985142,5.18590489364472,2.28360472722052,8.30708811772588,-1.069625,0.08582657,0.745561,327.6574,-14.635705,26.049284,CSI
8613379138000,2.990102,5.29047259349158,2.20631560317764,8.03430283441807,-1.0512991,0.08032878,0.7107417,327.53656,-14.203622,26.082119,CSI
8613384101000,2.995065,5.34002608614201,2.15957348464497,7.85682751242333,-1.0317514,0.076052725,0.689056,327.43134,-13.783629,26.180779,CSI
8613389033000,2.999997,5.34984681129016,2.13502167177461,7.74879963834078,-1.0118983,0.0711658,0.68539083,327.33542,-13.378504,26.277191,CSI
8613394036000,3.005,5.41133268976143,2.17785442122266,7.74894385232604,-0.99173975,0.051618114,0.675617,327.25543,-12.982177,26.42135,CSI
8613399043000,3.010007,5.50189618011929,2.25888495188867,7.81090841383698,-0.9624182,0.061391957,0.6722572,327.17566,-12.599864,26.55594,CSI
8613404031000,3.014995,5.57256000323655,2.30029236804379,7.91959528643503,-0.9468411,0.07880162,0.6954701,327.09625,-12.222202,26.70347,CSI
8613409691000,3.020655,5.63963895040457,2.32093199850547,8.07439211080438,-0.945314,0.09590584,0.75136423,327.0097,-11.85089,26.847271,CSI
8613414095000,3.025059,5.60504029936241,2.31149178812873,8.20732917892926,-0.9761627,0.11759156,0.7651087,326.9339,-11.494678,26.988815,CSI
8613419032000,3.029996,5.50455503663597,2.28278169165064,8.36523473454104,-0.9798279,0.1160644,0.7910705,326.84024,-11.142902,27.133423,CSI
8613424045000,3.035009,5.3607025627879,2.24849721924695,8.47162676727418,-0.99265605,0.12156218,0.799928,326.7482,-10.785057,27.264488,CSI
8613429122000,3.040086,5.18055091708392,2.20954560687963,8.53492352503505,-1.0164797,0.12308934,0.8216137,326.6475,-10.424799,27.39629,CSI
8613434125000,3.045089,4.96202312487728,2.18234052024347,8.58853655910073,-1.0268645,0.116675265,0.82741696,326.54,-10.059817,27.489359,CSI
8613439033000,3.049997,4.7174562224622,2.16388266263499,8.63468096220302,-1.0305296,0.13530666,0.82711154,326.42957,-9.695358,27.573357,CSI
8613444015000,3.054979,4.62832937337739,2.13663024192148,8.62355099945749,-1.044885,0.13805555,0.799928,326.32376,-9.327342,27.62125,CSI
8613449037000,3.060001,4.69000151978694,2.10105017936477,8.55713495038469,-1.0690142,0.0888809,0.7693848,326.22495,-8.963399,27.67684,CSI
8613454027000,3.064991,4.75128069353916,2.06569683166305,8.49114210194318,-1.0833695,0.09132435,0.7461719,326.12128,-8.605117,27.661667,CSI
8613459017000,3.069981,4.81255986729138,2.03034348396133,8.42514925350168,-1.0961977,0.069027774,0.72784597,326.03387,-8.251384,27.66548,CSI
8613464008000,3.074972,4.90927244074334,1.98926451600882,8.33462056171108,-1.1160508,0.05955936,0.7107417,325.95578,-7.901332,27.662981,CSI
8613469039000,3.080003,5.04924890238429,1.94099675323582,8.21395065077139,-1.1304061,0.03023783,0.71959925,325.881,-7.5549526,27.672224,CSI
8613474019000,3.084983,5.13453916194156,1.86938133026251,8.10826107161961,-1.1410962,0.013133603,0.72082096,325.82047,-7.201205,27.716661,CSI
8613479485000,3.090449,5.16046657388806,1.76048745626548,8.00973824903418,-1.1527027,-0.01985312,0.7079928,325.76703,-6.850882,27.772455,CSI
8613484077000,3.095041,5.22973775130469,1.68403855712868,7.97437655546185,-1.1487321,-0.033292156,0.70096785,325.7189,-6.498568,27.865225,CSI
8613489036000,3.1,5.35695925052088,1.61807175360651,7.98851233773192,-1.1496484,-0.044898596,0.6979135,325.6778,-6.149762,27.964443,CSI
8613493949000,3.104913,5.42457036963873,1.54912526128615,8.04959751737042,-1.1658363,-0.042455133,0.7153232,325.6327,-5.783283,28.07689,CSI
8613499037000,3.110001,5.41106392270165,1.47258872864271,8.18015997879516,-1.1820242,-0.057726767,0.73639804,325.59103,-5.4229865,28.195293,CSI
8613503926000,3.11489,5.39774967858017,1.35192988597307,8.26722233231334,-1.1945469,-0.0852157,0.75441855,325.54865,-5.048352,28.338581,CSI
8613509027000,3.119991,5.38280131358629,1.07787629882089,8.23732549826601,-1.208597,-0.10629055,0.8035932,325.4921,-4.6690025,28.482935,CSI
8613513942000,3.124906,5.345201587525,0.858039419508618,8.24167885915627,-1.2366967,-0.094989546,0.8011498,325.42865,-4.2705355,28.60023,CSI
8613519037000,3.130001,5.24762338573469,0.741874700415199,8.32996437482145,-1.251052,-0.11362094,0.81061816,325.35007,-3.871053,28.730652,CSI
8613524002000,3.134966,5.17897516297506,0.611852210691805,8.39229808679731,-1.2718215,-0.14446963,0.8206975,325.2619,-3.4148257,28.86106,CSI
8613529056000,3.14002,5.21729747811758,0.410659628524347,8.35876531700317,-1.2791518,-0.17562376,0.84696466,325.16895,-2.9632726,28.994032,CSI
8613533978000,3.144942,5.27089751212091,0.23677880843821,8.34403923896078,-1.2990049,-0.18112154,0.82802784,325.0718,-2.4893665,29.094217,CSI
8613539035000,3.149999,5.40485346066384,0.165016621425467,8.415801880569,-1.3121386,-0.15149458,0.8249735,324.96457,-2.0184605,29.190744,CSI
8613544024000,3.154988,5.50963610400235,0.0759915422332991,8.46630105057909,-1.3359623,-0.15454891,0.8396343,324.85532,-1.505219,29.306976,CSI
8613549208000,3.160172,5.46596555903826,-0.118099915652641,8.40564726257147,-1.3683381,-0.16829337,0.8552113,324.75003,-0.9965304,29.41427,CSI
8613553997000,3.164961,5.42562253437912,-0.297402383209695,8.34961504984607,-1.3756685,-0.2843578,0.8677341,324.63522,-0.4793303,29.563835,CSI
8613559016000,3.16998,5.38334196625128,-0.485316161591164,8.29089179328544,-1.3796391,-0.34483343,0.8885035,324.51572,0.03832419,29.697523,CSI
8613564066000,3.17503,5.35356374124703,-0.690275787953676,8.24072609481956,-1.3475688,-0.3100141,0.9392053,324.37933,0.5456848,29.830513,CSI
8613569039000,3.180003,5.48652698262848,-1.09409007278461,8.30474620649364,-1.2935071,-0.15332718,0.9602802,324.25006,1.0374395,29.941118,CSI
8613574079000,3.185043,5.60830925476352,-1.45262817473643,8.38602103124093,-1.2541064,0.023823744,0.97158116,324.0873,1.6047561,30.026487,CSI
8613579048000,3.190012,5.64973348018184,-1.49865503312699,8.56552549540574,-1.1957687,0.17928895,0.9728029,323.92743,2.1448264,30.069143,CSI
8613584093000,3.195057,5.72224821020212,-1.49493134673725,8.74420548411934,-1.1713341,0.22479841,0.9761627,323.74918,2.7618546,30.10336,CSI
8613589038000,3.200002,6.15981317454283,-0.884163293094322,8.87638642877767,-1.1679744,0.2657264,0.99112886,323.57626,3.3594403,30.091139,CSI
8613594395000,3.205359,6.61827656251233,-0.244532710048417,9.00726181574464,-1.1902709,0.25809056,1.1606439,323.35385,3.9762027,30.061005,CSI
8613598998000,3.209962,6.78032836985564,-0.0231936725239846,8.93611733928091,-1.2956452,0.20952678,1.2186762,323.17114,4.58658,30.030144,CSI
8613603975000,3.214939,6.95554710658119,0.216129462335694,8.85919227750381,-1.3127494,0.18234327,1.3066407,322.9612,5.053994,30.061861,CSI
8613608973000,3.219937,6.86422222529412,0.303108500518717,8.58875456363636,-1.3451253,0.13561209,1.4333953,322.72372,5.5557747,30.106358,CSI
8613613998000,3.224962,6.67979191647059,0.337421126320856,8.24991729090909,-1.3374895,0.27855456,1.5552629,322.47186,6.0542374,30.09804,CSI
8613618995000,3.229959,6.36343113183018,0.148530966336583,8.04362290260004,-1.3066407,0.4196644,1.5329664,322.25385,6.4875474,30.148819,CSI
8613624043000,3.235007,5.91171254885233,-0.263907855105627,7.96506308216535,-1.3084733,0.48349985,1.4700472,322.01865,6.9303956,30.174685,CSI
8613629014000,3.239978,5.64530335589661,-0.520392703509693,7.99206948101777,-1.3274102,0.52503866,1.4517213,321.78027,7.3671618,30.164492,CSI
8613634006000,3.24497,5.52945326995154,-0.650723909067044,8.10791926453958,-1.3377949,0.5320636,1.4862351,321.55325,7.7934103,30.1447,CSI
8613638994000,3.249958,5.43300365451645,-0.817043890309073,8.13300970548355,-1.3374895,0.51343226,1.5906931,321.26416,8.309738,30.033983,CSI
8613643983000,3.254947,5.35202298247258,-1.01235060615155,8.08537395752742,-1.3057245,0.5213735,1.6102408,321.00214,8.804492,29.915623,CSI
8613649001000,3.259965,5.24970146470881,-1.11703512911896,8.08984154853161,-1.3118331,0.5152648,1.6007724,320.70734,9.335822,29.765184,CSI
8613653997000,3.264961,5.13062278699851,-1.14561394014933,8.13747290024888,-1.3106114,0.52290064,1.613906,320.4097,9.853914,29.6065,CSI
8613658965000,3.269929,4.98308003373565,-1.24641418333824,8.1469217812776,-1.314582,0.5329799,1.6337591,320.1014,10.407697,29.433407,CSI
8613664006000,3.27497,4.80780430050044,-1.41221574512805,8.12323585801197,-1.3176364,0.5687156,1.6633861,319.7982,10.954103,29.249624,CSI
8613668994000,3.279958,4.65496518824228,-1.55326815593824,8.09969773871734,-1.3115277,0.60139686,1.6716328,319.49792,11.495033,29.034948,CSI
8613674044000,3.285008,4.52094276642914,-1.67293086476643,8.07576521694378,-1.3154984,0.62980205,1.6572775,319.20813,12.029973,28.812105,CSI
8613679069000,3.290033,4.40360883006184,-1.79481927318971,7.98571846838221,-1.3148874,0.61483586,1.6670512,318.8875,12.594726,28.552025,CSI
8613684011000,3.294975,4.30447672661081,-1.91755447905446,7.8299394909236,-1.3310753,0.60231316,1.6584991,318.59064,13.149452,28.2873,CSI
8613688978000,3.299942,4.20416096287425,-2.01072802275449,7.70187466946108,-1.3313808,0.5839872,1.6600263,318.27713,13.720497,27.999718,CSI
8613693995000,3.304959,4.10207174807804,-2.07105345024145,7.60442576779988,-1.3292428,0.56688297,1.6743816,317.97244,14.284721,27.71675,CSI
8613698967000,3.309931,3.97987357198185,-2.13766699392839,7.58690855001513,-1.3261884,0.5662721,1.6869044,317.66565,14.873587,27.428053,CSI
8613703997000,3.314961,3.82440380556732,-2.21540182640444,7.68893582202723,-1.3090842,0.5552765,1.6814066,317.3684,15.447069,27.148832,CSI
8613708991000,3.319955,3.65954221989343,-2.29584807554766,7.76152870515098,-1.2748758,0.57360244,1.6588045,317.07288,16.024448,26.84923,CSI
8613714126000,3.32509,3.47514099520426,-2.38319607742254,7.79549723179396,-1.2620476,0.5726862,1.642922,316.78476,16.592487,26.559608,CSI
8613718926000,3.32989,3.28505383098378,-2.49577887749955,7.83089744116913,-1.2632693,0.57604593,1.6102408,316.50015,17.153845,26.22209,CSI
8613724085000,3.335049,3.05171242648369,-2.66748287435395,7.87492409524149,-1.2669345,0.52626044,1.5839735,316.22314,17.700722,25.903053,CSI
8613729043000,3.340007,2.8388514561504,-2.81632624200604,7.91997032350797,-1.2751812,0.4905248,1.5421293,315.9534,18.252834,25.540453,CSI
8613734808000,3.345772,2.66058661972711,-2.89108251796688,7.98897595042183,-1.2547172,0.462425,1.4633276,315.70782,18.77968,25.199106,CSI
8613738968000,3.349932,2.5429537047867,-2.93157709413178,8.03932732465452,-1.2605205,0.41783184,1.4358387,315.44025,19.350496,24.807077,CSI
8613743986000,3.35495,2.43708154283998,-2.93638941944723,8.10188800600841,-1.3029755,0.38515055,1.3750577,315.2136,19.900093,24.435118,CSI
8613748988000,3.359952,2.32917500375674,-2.93391365501209,8.13341921694254,-1.3298537,0.32467487,1.3286319,314.97104,20.447508,24.044874,CSI
8613754030000,3.364994,2.212433058992,-2.90697327474428,8.06157821852334,-1.3683381,0.27550024,1.2583824,314.75952,20.987288,23.674055,CSI
8613758994000,3.369958,2.10353484025946,-2.88472071935135,8.0020979747027,-1.3994923,0.22510384,1.1976013,314.54425,21.51564,23.295916,CSI
8613764082000,3.375046,2.06139266892973,-2.91105950767568,8.07057887935135,-1.3988814,0.20586158,1.1768318,314.34354,22.031364,22.93057,CSI
8613769127000,3.380091,2.01933390600177,-2.93536923859269,8.11748228929733,-1.3976597,0.18417588,1.14018,314.14728,22.538313,22.567917,CSI
8613774094000,3.385058,1.97714294410171,-2.95412067931408,8.10341858638021,-1.4141531,0.14110987,1.1044444,313.95853,23.037367,22.222666,CSI
8613779028000,3.389992,1.95386060430318,-3.00593150735452,8.08067894503667,-1.4080443,0.1282817,1.0735956,313.77585,23.518713,21.865034,CSI
8613784042000,3.395006,2.00082204704156,-3.18438523494377,8.02432526278729,-1.4376713,0.10842858,1.0409144,313.6036,23.999672,21.529583,CSI
8613789010000,3.399974,2.0544618182566,-3.34041415629451,7.98285967699869,-1.4453071,0.10873401,0.99387777,313.43832,24.464567,21.190342,CSI
8613794040000,3.405004,2.14627200804494,-3.38873520524626,8.016684396128,-1.4566082,0.11056661,0.96791595,313.2798,24.927576,20.861887,CSI
8613799010000,3.409974,2.24390593461195,-3.45058354284865,8.05082800148677,-1.4321736,0.112704635,0.9599747,313.12912,25.413616,20.549442,CSI
8613804603000,3.415567,2.3925594925959,-3.5992371562692,8.09330048622262,-1.4327844,0.062002823,0.9673051,312.9802,25.898378,20.255548,CSI
8613808991000,3.419955,2.49870199412107,-3.70605140797439,8.10769772293364,-1.4251486,-0.007330383,0.9776898,312.82535,26.367527,19.983995,CSI
8613814092000,3.425056,2.56031116744276,-3.77239974086147,8.01291453162592,-1.3982705,-0.03268129,1.0149527,312.66592,26.826195,19.713326,CSI
8613818979000,3.429943,2.62131466909431,-3.85772793842515,7.92579246161427,-1.3967434,-0.054061573,1.029308,312.49957,27.29878,19.485374,CSI
8613824099000,3.435063,2.70829583475904,-4.20082051593574,7.87746959180053,-1.3949108,-0.035430185,1.0152581,312.33847,27.755861,19.2557,CSI
8613829207000,3.440171,2.77249314564349,-4.53059131842526,7.80372345631495,-1.3778065,-0.03970624,0.9630291,312.1792,28.218996,19.061008,CSI
8613834084000,3.445048,2.62782002044364,-4.73126695470624,7.50037663905875,-1.3976597,-0.06414085,0.9117164,312.02823,28.680962,18.871195,CSI
8613839102000,3.450066,2.47616685546369,-4.94194425586214,7.19611717208885,-1.3897184,-0.0888809,0.87689704,311.88284,29.189362,18.701498,CSI
8613843989000,3.454953,2.29434879279809,-5.19835442162566,6.99565101062855,-1.3307699,-0.13836098,0.8573494,311.74426,29.675491,18.55087,CSI
8613849142000,3.460106,2.10406826127059,-5.46563274674824,6.79886239516235,-1.2754866,-0.18478674,0.8191703,311.606,30.226772,18.392214,CSI
8613854034000,3.464998,1.94092086701176,-5.68169274968471,6.79004358100706,-1.2092078,-0.22632557,0.77824235,311.4712,30.74653,18.249004,CSI
8613858992000,3.469956,1.77557238362353,-5.90066770768941,6.78110578857412,-1.1441506,-0.28924468,0.7535023,311.32556,31.326988,18.083546,CSI
8613864091000,3.475055,1.65843605770426,-6.1213509362807,6.8299731557594,-1.0897835,-0.37384954,0.72234815,311.18622,31.876558,17.94161,CSI
8613868927000,3.479891,1.55164825716291,-6.3302837834386,6.88104553362406,-1.0519099,-0.4111123,0.6713409,311.0597,32.397972,17.811296,CSI
8613874318000,3.485282,1.58288096083862,-6.38588073768032,6.89483849390267,-1.0015136,-0.40744713,0.63224554,310.91403,32.94607,17.639486,CSI
8613878974000,3.489938,1.62147547532218,-6.4201869678015,6.90341510740527,-0.956615,-0.4089743,0.61269784,310.77347,33.471195,17.484026,CSI
8613884043000,3.495007,1.85099613190178,-6.41341816586869,6.88805212926128,-0.93554014,-0.39064834,0.5900958,310.64392,34.01736,17.290655,CSI
8613888929000,3.499893,2.10579849678414,-6.39899545490599,6.86882178104387,-0.8772025,-0.37201694,0.59498274,310.5172,34.530693,17.098646,CSI
8613894030000,3.504994,2.4218522669759,-6.29360260252487,6.90390408309105,-0.8347474,-0.37873647,0.6236934,310.37906,35.03395,16.915642,CSI
8613898935000,3.509899,2.73183902553558,-6.18128861055853,6.94433712019893,-0.7831292,-0.37995818,0.66339964,310.24634,35.51004,16.726774,CSI
8613904031000,3.514995,3.04435344046339,-6.1235586212924,6.93750473130316,-0.7452556,-0.3912592,0.7263188,310.09686,35.959866,16.595314,CSI
8613908944000,3.519908,3.3433372758823,-6.08216065256623,6.9191057408251,-0.72173727,-0.39400807,0.7761043,309.9468,36.393097,16.458618,CSI
8613914033000,3.524997,3.53154483614636,-6.26964214153775,6.83937135905512,-0.7079928,-0.40500367,0.77671516,309.80136,36.76754,16.405964,CSI
8613918931000,3.529895,3.67493876581751,-6.52166803960167,6.74377551181102,-0.7189884,-0.3885103,0.7816021,309.65137,37.14016,16.337866,CSI
8613924080000,3.535044,3.7094411650548,-6.69731241279819,6.55706261586074,-0.70707655,-0.37293324,0.81214535,309.49908,37.477955,16.342838,CSI
8613929149000,3.540113,3.66770912189985,-6.81207547700408,6.31710314983881,-0.67256266,-0.37048978,0.8512407,309.3471,37.807358,16.342493,CSI
8613934069000,3.545033,3.56083557840592,-6.92489763291991,6.13090405251418,-0.6236934,-0.38331795,0.8689558,309.19476,38.181072,16.36961,CSI
8613939029000,3.549993,3.43296066483992,-7.03907157773291,5.95735946564753,-0.55771995,-0.39614612,0.8781188,309.03873,38.53636,16.387642,CSI
8613943989000,3.554953,3.32614621943855,-7.15960157572834,5.80172300791048,-0.49296826,-0.3652974,0.93126404,308.8685,38.927483,16.381937,CSI
8613949065000,3.560029,3.22766569846614,-7.2862195213197,5.65165733088945,-0.40133846,-0.34574974,0.999681,308.6913,39.28877,16.373981,CSI
8613954030000,3.564994,3.13848995203104,-7.20286309332116,5.54804963648258,-0.33444872,-0.37232238,0.9816604,308.5116,39.680256,16.345873,CSI
8613959030000,3.569994,3.05349877600791,-6.97945767215376,5.47277180799229,-0.2519819,-0.43066,0.9486737,308.32132,40.041,16.308893,CSI
8613964037000,3.575001,2.96838861233835,-6.75573948339672,5.39738859054212,-0.17012598,-0.48441613,1.033584,308.09955,40.4375,16.231821,CSI
8613969035000,3.579999,2.88343143278564,-6.53242342439779,5.32214087318322,-0.089186326,-0.52931476,1.1191051,307.87906,40.801453,16.169712,CSI
8613974102000,3.585066,2.68746235530562,-6.53344196079157,5.28992244593774,-0.043676864,-0.58062744,1.1157454,307.64288,41.145355,16.117716,CSI
8613979163000,3.590127,2.43444862196279,-6.65304857955581,5.28072195527715,0.0061086523,-0.59589905,1.1520919,307.38205,41.47304,16.041975,CSI
8613984040000,3.595004,2.61060678977399,-6.55598701308818,5.21383333187292,0.067500606,-0.61453044,1.1951579,307.10947,41.734215,15.963805,CSI
8613989022000,3.599986,3.12767452271212,-6.28640446794183,5.09892924252501,0.093767814,-0.63041294,1.153619,306.84857,41.9821,15.897476,CSI
8613994030000,3.604994,3.3103577394187,-6.22636258221969,5.11553817141084,0.15118915,-0.65484756,1.1835514,306.55896,42.251785,15.746509,CSI
8613999038000,3.610002,2.9531828593194,-6.50416553149566,5.34373327542408,0.23793201,-0.61911196,1.3200798,306.2697,42.508266,15.574203,CSI
8614004025000,3.614989,2.86389474042097,-6.67571364861551,5.53005840868499,0.3173445,-0.55924714,1.2617421,306.0267,42.665466,15.586633,CSI
8614009023000,3.619987,3.09864636263411,-6.71972944691938,5.66699696987841,0.36865717,-0.61361414,1.207986,305.74033,42.81936,15.585735,CSI
8614013990000,3.624954,3.65923965883978,-6.52135572651934,5.83507974585635,0.48808134,-0.6389651,1.2596041,305.46014,42.96946,15.453556,CSI
8614018999000,3.629963,4.56917224654696,-6.06638954797422,6.03826858552486,0.5934556,-0.6105598,1.2892311,305.19962,43.098503,15.337714,CSI
8614023978000,3.634942,5.04797598809879,-5.84481942360323,6.11462967399661,0.679893,-0.54244834,1.4382823,304.88922,43.188305,15.227519,CSI
8614029176000,3.64014,4.57203699268001,-6.14228122455931,5.90640631496863,0.73273283,-0.49205196,1.4251486,304.61182,43.24353,15.142844,CSI
8614034003000,3.644967,4.14923396371831,-6.40237322,5.80116024191549,0.7431176,-0.5644395,1.3353515,304.32874,43.130432,15.291924,CSI
8614039038000,3.650002,3.75080273630047,-6.63780982,5.88718508435681,0.82894415,-0.57604593,1.4083499,304.03726,43.0013,15.385165,CSI
8614043998000,3.654962,3.50235574577254,-6.78666457791325,5.97799763743754,0.9059132,-0.57757306,1.2974777,303.76837,42.943806,15.4352865,CSI
8614049041000,3.660005,3.92227757613432,-6.55015684907056,6.09866484397362,0.96791595,-0.6169739,1.3521502,303.4402,42.893166,15.446064,CSI
8614054020000,3.664984,4.16438013690592,-6.37661413825412,6.20625940204656,1.0858129,-0.56230146,1.3545936,303.15588,42.84204,15.35846,CSI
8614059026000,3.66999,3.62498023806983,-6.47426405840931,6.26205940497575,1.1026118,-0.5519168,1.3307699,302.85046,42.80428,15.283208,CSI
8614064053000,3.675017,3.134721716411,-6.54344751379594,6.31605346915474,1.1472049,-0.59895337,1.2892311,302.5497,42.647507,15.312619,CSI
8614069036000,3.68,3.00698033362504,-6.41079315875631,6.35535842713889,1.1859949,-0.66981375,1.2675453,302.2475,42.490158,15.345233,CSI
8614074057000,3.685021,2.8835527290727,-6.27302107753924,6.37663972623128,1.2253957,-0.74464476,1.2562444,301.92676,42.356823,15.261818,CSI
8614079147000,3.690111,2.78242008564857,-6.11472639343316,6.31508084566119,1.2452488,-0.7593055,1.2608259,301.60696,42.219173,15.183933,CSI
8614084428000,3.695392,2.67590499486317,-5.95081144370972,6.25636516195013,1.2672399,-0.7800749,1.2388347,301.27585,42.047573,15.107826,CSI
8614089033000,3.699997,2.54821871439245,-5.81488743026058,6.31814880442701,1.2748758,-0.7797695,1.2406673,300.94208,41.8792,15.027216,CSI
8614094008000,3.704972,2.41027316708695,-5.66804226915102,6.38489660493135,1.273654,-0.7791586,1.2318097,300.60788,41.691765,14.944867,CSI
8614099031000,3.709995,2.36691643290317,-5.60532211787745,6.55314250139879,1.3090842,-0.7663304,1.2180653,300.27893,41.49419,14.86316,CSI
8614103986000,3.71495,2.3455045368649,-5.5624981469362,6.74156732068405,1.3179418,-0.6954701,1.1948525,299.9679,41.304394,14.775241,CSI
8614109042000,3.720006,2.34855303682281,-5.48886388676171,6.88069960081466,1.3298537,-0.61758476,1.169807,299.65826,41.07404,14.659424,CSI
8614114016000,3.72498,2.36795629678208,-5.39669850325866,6.98256656364562,1.3329079,-0.52564955,1.1505647,299.37137,40.844223,14.532427,CSI
8614119004000,3.729968,2.44043799148372,-5.32277209195593,7.09524888667053,1.3289373,-0.45448375,1.1355985,299.1018,40.576874,14.389061,CSI
8614124054000,3.735018,2.54460784857924,-5.25866750658603,7.21544507836965,1.3402383,-0.40286562,1.1218541,298.85187,40.305458,14.237896,CSI
8614129589000,3.740553,2.66198807476718,-5.20662110469562,7.37824668181551,1.3478742,-0.40408736,1.1184943,298.59857,40.00768,14.089967,CSI
8614134037000,3.745001,2.76220799861778,-5.19826949524556,7.56615904993628,1.3509285,-0.41263947,1.1184943,298.35718,39.710194,13.938924,CSI
8614138973000,3.749937,2.84394665200559,-5.17488824211734,7.75297274603872,1.3582588,-0.3839288,1.0897835,298.12247,39.36991,13.815841,CSI
8614144023000,3.754987,2.78603854085013,-5.08320040785272,7.83983476160447,1.3875804,-0.3652974,1.0204504,297.89374,39.023647,13.708015,CSI
8614149008000,3.759972,2.71281453066327,-5.01037094406741,7.91256858230441,1.4013249,-0.37873647,0.97097033,297.65933,38.647045,13.623308,CSI
8614153927000,3.764891,2.56662984774579,-5.01987883482605,7.92445345816283,1.432479,-0.37598756,0.93034774,297.44534,38.258335,13.54537,CSI
8614158912000,3.769876,2.41848375212806,-5.02951429638974,7.93649779769407,1.4294246,-0.36346483,0.85062987,297.24316,37.848286,13.473311,CSI
8614163901000,3.774865,2.27021878301335,-5.03915748951737,7.94855180169034,1.4220943,-0.35094208,0.7516697,297.065840561071,37.4350999255681,13.4226460710335,CSI
8614173919000,3.784883,1.97250010981406,-5.05852119141206,7.97275645433307,1.4465289,-0.35246924,0.6976081,296.70978,36.605415,13.32091,CSI
8614178899000,3.789863,1.82450260606756,-5.06814698852083,7.98478871328304,1.4566082,-0.37323865,0.6606508,296.5443,36.20174,13.239928,CSI
8614183920000,3.794884,1.67528664897697,-5.07785203416,7.99692003299947,1.4761559,-0.39614612,0.61269784,296.38492,35.79702,13.167495,CSI
8614188919000,3.799883,1.53690126631287,-5.08857287138181,8.00840261144728,1.4871514,-0.4251622,0.5421429,296.23596,35.393585,13.113801,CSI
8614193929000,3.804893,1.43219385663129,-5.10285124713818,8.01792166114473,1.4883732,-0.4392121,0.46853364,296.09894,34.990112,13.072546,CSI
8614198919000,3.809883,1.34220413443709,-5.11503030686963,8.01520693130375,1.4929546,-0.44715336,0.37293324,295.98877,34.59718,12.973105,CSI
8614203912000,3.814876,1.30439290596027,-5.11975670426016,7.96794295739844,1.4993688,-0.49266282,0.27122417,295.8907,34.203503,12.90157,CSI
8614208905000,3.819869,1.26927478730065,-5.08007435699941,7.92515548730065,1.518611,-0.5549711,0.1572978,295.79724,33.808617,12.827109,CSI
8614213921000,3.824885,1.24562976426462,-4.84835303248671,7.90151046426462,1.5241088,-0.5879578,0.026572637,295.73215,33.41331,12.777811,CSI
8614218918000,3.829882,1.23114497945301,-4.58752752624565,7.89006204732969,1.5005904,-0.6389651,-0.07452556,295.66205,33.02792,12.754194,CSI
8614223910000,3.834874,1.26442714736947,-4.1691235551268,7.94236246924913,1.4837917,-0.657291,-0.17928895,295.6272,32.636116,12.752734,CSI
8614228951000,3.839915,1.29949645336839,-3.74455815103681,7.98042924663161,1.4871514,-0.65240407,-0.25534168,295.59854,32.205444,12.772402,CSI
8614233915000,3.844879,1.34194636113702,-3.31534157419387,7.93797933886298,1.4569136,-0.6924158,-0.3191771,295.58505,31.78953,12.820707,CSI
8614238913000,3.849877,1.38661363896714,-2.88657547934272,7.90338343755869,1.4422529,-0.679893,-0.3930918,295.59848,31.280556,12.889496,CSI
8614243934000,3.854898,1.44425242187594,-2.47830087156128,7.92259629832185,1.3942999,-0.68294734,-0.47067168,295.623,30.793007,12.9793625,CSI
8614248927000,3.859891,1.49459036227649,-2.09988299669294,7.95012681462219,1.3384057,-0.6908886,-0.5381723,295.6624,30.233732,13.101777,CSI
8614254026000,3.86499,1.49928485402807,-1.89801965529706,8.03462761713132,1.2754866,-0.7131852,-0.61422503,295.7245,29.692444,13.237329,CSI
8614259039000,3.870003,1.50880082806804,-1.70653924410693,8.11957255407047,1.2357804,-0.7504479,-0.6817256,295.80066,29.080643,13.409683,CSI
8614264101000,3.875065,1.58032686170804,-1.60135394186773,8.22896570421802,1.2009611,-0.79320854,-0.763887,295.90033,28.487352,13.59671,CSI
8614268932000,3.879896,1.64858886655095,-1.50096868009026,8.33336679239715,1.146594,-0.8029824,-0.8145888,296.00937,27.867186,13.787691,CSI
8614274050000,3.885014,1.76489636360294,-1.52239535606618,8.48626589154412,1.1178834,-0.8035932,-0.8426886,296.13388,27.254696,13.988999,CSI
8614279029000,3.889993,1.89199238608456,-1.58375205815257,8.64842249439338,1.0778717,-0.782213,-0.8567385,296.27408,26.666943,14.185741,CSI
8614284033000,3.894997,2.0635884700493,-1.66136546012736,8.82273247021364,1.0677924,-0.75991637,-0.8906415,296.42935,26.04523,14.39909,CSI
8614289036000,3.9,2.26535756902219,-1.74994702830731,9.00481679909614,1.0546589,-0.7357872,-0.9275989,296.5965,25.443857,14.601778,CSI
8614294029000,3.904993,2.4629210108137,-1.7963075261242,9.15936487044968,1.039998,-0.73914695,-0.96577793,296.76685,24.844225,14.825613,CSI
8614299040000,3.910004,2.65910097798326,-1.81966227831419,9.29949387132568,1.031446,-0.74372846,-0.999681,296.95233,24.254343,15.040448,CSI
8614304032000,3.914996,2.86717218197118,-1.80352899170614,9.43631312536531,1.0030408,-0.77091193,-1.0274754,297.13367,23.67676,15.292079,CSI
8614309024000,3.919988,3.08397494823138,-1.76016841833115,9.57121232923511,0.96974856,-0.806953,-1.0461067,297.323,23.111721,15.542322,CSI
8614314063000,3.925027,3.23274809198987,-1.72870039033327,9.61612407347496,0.92485,-0.8546005,-1.0638218,297.51404,22.552284,15.835833,CSI
8614319033000,3.929997,3.33478753878386,-1.7055096399922,9.60220981699474,0.87995136,-0.91599244,-1.0870347,297.70862,22.010834,16.13632,CSI
8614324051000,3.935015,3.45363286803831,-1.59860410947121,9.62203955028834,0.8210029,-0.96669424,-1.1276573,297.91296,21.466164,16.48526,CSI
8614329064000,3.940028,3.58502163321278,-1.42498320795621,9.66896409177988,0.7519751,-1.0228939,-1.119716,298.10583,20.949532,16.838837,CSI
8614334035000,3.944999,3.70033656503383,-1.28672397240683,9.65243514776285,0.68630713,-1.0830641,-1.0882565,298.29306,20.448908,17.224539,CSI
8614339036000,3.95,3.80191884086456,-1.18030445015655,9.5750391040299,0.6218608,-1.1270463,-1.0351112,298.4708,19.97918,17.607119,CSI
8614343975000,3.954939,3.88213337238191,-1.15735758715578,9.47646710170854,0.591623,-1.151481,-0.9798279,298.65207,19.487062,18.018047,CSI
8614349123000,3.960087,3.94654721792965,-1.21186166205025,9.35259380442211,0.5656612,-1.1630874,-0.9275989,298.81946,19.02536,18.42114,CSI
8614354029000,3.964993,4.00997583454075,-1.32322409589725,9.18752891498799,0.54367006,-1.1533136,-0.8885035,298.9844,18.564089,18.840378,CSI
8614359028000,3.969992,4.07633287095731,-1.48690499205322,8.97960987137313,0.5299256,-1.10139,-0.84482664,299.1397,18.12181,19.234968,CSI
8614364037000,3.975001,4.1445493525045,-1.67310655635921,8.7561401019803,0.52687126,-1.0134255,-0.799928,299.28375,17.71073,19.623857,CSI
8614369032000,3.979996,4.21547047095203,-1.89600082751244,8.5079172188923,0.52290064,-0.9242391,-0.76052725,299.42438,17.314962,19.98495,CSI
8614374016000,3.98498,4.27867463491392,-2.10191796177744,8.33541882619987,0.51923543,-0.870483,-0.7333437,299.51892,16.97375,20.35111,CSI
8614379097000,3.990061,4.33483666719246,-2.29380510087525,8.24181519471963,0.5128214,-0.8072584,-0.72265357,299.61755,16.642735,20.679869,CSI
8614384570000,3.995534,4.41413363365042,-2.46883483995244,8.22854946373365,0.5012149,-0.73456544,-0.6960809,299.68585,16.377893,21.006998,CSI
8614389035000,3.999999,4.49626737603585,-2.58225776513308,8.29895029859142,0.49663344,-0.69058317,-0.6765333,299.75668,16.117828,21.316986,CSI
8614393952000,4.004916,4.59154468274411,-2.67947051630892,8.38294313994108,0.49235737,-0.65209866,-0.6545421,299.79916,15.910508,21.615871,CSI
8614399044000,4.010008,4.70955799772727,-2.66920845397727,8.49582491477273,0.47494772,-0.6114761,-0.627664,299.83853,15.714099,21.893578,CSI
8614403960000,4.014924,4.81363671135067,-2.60768031523736,8.63292311824422,0.42241332,-0.5742133,-0.58551437,299.85498,15.555995,22.164463,CSI
8614409022000,4.019986,4.89800297017306,-2.42488666472977,8.83915153340423,0.3631594,-0.5537493,-0.5354234,299.86298,15.411098,22.419956,CSI
8614414005000,4.024969,4.92958601837145,-2.18634244306765,9.08733531097503,0.26725355,-0.5357288,-0.4886922,299.86636,15.285847,22.672615,CSI
8614419118000,4.030082,4.79839727982968,-1.75529359792364,9.48558717940867,0.17623462,-0.54367006,-0.45051312,299.8569,15.181933,22.91771,CSI
8614423998000,4.034962,4.66506975855901,-1.42882751858699,9.79286715579095,0.070249505,-0.55833083,-0.43890667,299.86847,15.060513,23.157688,CSI
8614429141000,4.040105,4.47803729387429,-1.57156285710003,9.69935110332767,-0.023823744,-0.59803706,-0.44043383,299.86987,14.964887,23.39918,CSI
8614434102000,4.045066,4.32951161304601,-1.71254166016308,9.5698488334304,-0.12736541,-0.6169739,-0.47433686,299.93222,14.791862,23.587572,CSI
8614439036000,4.05,4.33409828856533,-1.86848872360707,9.25336783944865,-0.21899518,-0.56077427,-0.49968776,299.99518,14.644948,23.760847,CSI
8614443997000,4.054961,4.34661601729171,-2.02341488339183,8.93773476870497,-0.30604348,-0.45875978,-0.5131268,300.04578,14.560426,23.892565,CSI
8614449039000,4.060003,4.44028036547201,-2.16168141745797,8.64336039774617,-0.36132678,-0.33505958,-0.5155703,300.10672,14.491654,24.000622,CSI
8614454738000,4.065702,4.5473274300769,-2.32088212560524,8.32852053631444,-0.40317106,-0.18570304,-0.50335294,300.15125,14.489261,24.097849,CSI
8614459023000,4.069987,4.6408316790563,-2.47282640306655,8.2895605173265,-0.40866885,-0.043066,-0.49754974,300.20798,14.490726,24.16129,CSI
8614463967000,4.074931,4.748716161426,-2.64813854023545,8.24460874746036,-0.39003745,0.053145275,-0.49327368,300.2549,14.537979,24.239223,CSI
8614469030000,4.079994,4.85082710582563,-2.78639094306239,8.21274556839205,-0.35308012,0.07269296,-0.49938235,300.30872,14.580283,24.298103,CSI
8614473976000,4.08494,4.94871171655186,-2.91224269667388,8.184778912222,-0.29626966,0.070554934,-0.5002986,300.36575,14.612821,24.335007,CSI
8614479123000,4.090087,5.03162092855593,-3.03196714277964,8.09053411904715,-0.2706133,0.03848451,-0.48716503,300.39987,14.680682,24.39549,CSI
8614483937000,4.094901,5.10438113390215,-3.14110756951075,7.98594111314855,-0.21044308,-0.027488936,-0.48624873,300.4348,14.722047,24.465918,CSI
8614489029000,4.099993,4.72131150959691,-3.26052660346638,7.64302594763791,-0.15332718,-0.087964594,-0.48197266,300.4479,14.782248,24.561037,CSI
8614493957000,4.104921,4.20248520760622,-3.37737940584332,7.23637843744677,-0.1151481,-0.06352998,-0.52290064,300.47638,14.824991,24.65263,CSI
8614499019000,4.109983,4.3956085741487,-3.23375939739069,6.76681019559742,-0.06352998,0.09682214,-0.6722572,300.53046,14.8614645,24.751287,CSI
8614503975000,4.114939,4.84269284918396,-2.99945855578279,6.2886451948922,-0.043676864,0.37812558,-0.81306165,300.60767,14.890944,24.810278,CSI
8614509018000,4.119982,5.29762545592384,-2.76104468487306,5.80208625652327,-0.02443461,0.7360926,-0.8332202,300.67896,14.961394,24.733599,CSI
8614514068000,4.125032,5.75318953762845,-2.52229988057123,5.31485194385956,0.16829337,0.929126,-0.7107417,300.75958,14.981734,24.625767,CSI
8614519033000,4.129997,6.35506641071429,-2.46756682857143,5.48922041071429,0.40011674,0.84696466,-0.5204572,300.83234,14.991426,24.49548,CSI
8614524295000,4.135259,7.03879707510504,-2.46315566596639,5.86858048686975,0.5549711,0.6020077,-0.2932153,300.8595,14.990784,24.347637,CSI
8614529064000,4.140028,7.35057626730729,-2.3433014950713,6.38474445575532,0.66706485,0.25320363,-0.052534413,300.86487,14.890846,24.513622,CSI
8614534034000,4.144998,7.3800845510436,-2.10723589277743,7.08802338652614,0.70402217,-0.12797627,0.09560041,300.8035,14.788811,24.744076,CSI
8614539025000,4.149989,7.24548521772777,-1.97732150889133,7.59429727036224,0.64965516,-0.43493605,0.1740966,300.67676,14.667206,25.140558,CSI
8614543978000,4.154942,6.98080631259605,-1.93393156158068,7.93707794473107,0.5644395,-0.62888575,0.21838433,300.49127,14.560755,25.594332,CSI
8614549043000,4.160007,6.64925590375358,-1.86253004128937,8.27603831608525,0.46944994,-0.72509706,0.2406809,300.31152,14.400553,26.04317,CSI
8614554030000,4.164994,6.21880726342912,-1.74605569772028,8.59001282435585,0.36346483,-0.7458665,0.23457226,300.1175,14.270709,26.513016,CSI
8614558972000,4.169936,5.92945460031104,-1.63082931075039,8.82101537781882,0.24312437,-0.72112644,0.22571471,299.92902,14.154761,26.895847,CSI
8614564033000,4.174997,5.7881204688958,-1.51305081871112,8.96706049936819,0.110872045,-0.6789767,0.22388211,299.74155,14.071973,27.270592,CSI
8614568981000,4.179945,5.71977677120097,-1.41809851043662,9.04208222214379,-0.006414085,-0.64599,0.25259277,299.56982,13.99627,27.529345,CSI
8614574020000,4.184984,5.74897370364021,-1.34997252105475,9.02261776989009,-0.040927973,-0.58123827,0.2724459,299.40945,13.933928,27.762703,CSI
8614578972000,4.189936,5.72695036021189,-1.29187127819305,9.02991112860506,-0.09743301,-0.4728097,0.3005457,299.2613,13.88662,27.928728,CSI
8614584038000,4.195002,5.63652370139298,-1.2442784594173,9.07274452138513,-0.13225232,-0.33322698,0.28069258,299.1317,13.840424,28.066416,CSI
8614588924000,4.199888,5.51730485706878,-1.22873589736816,9.15502416231288,-0.16126843,-0.17379116,0.23518312,299.02106,13.794968,28.174456,CSI
8614594105000,4.205069,5.33769011533118,-1.26271704280403,9.31036748282947,-0.1740966,-0.049480084,0.16035213,298.9358,13.748605,28.25484,CSI
8614598928000,4.209892,5.116112968261,-1.37545782633599,9.41078122497786,-0.17379116,-0.032375857,0.08368854,298.8755,13.691828,28.303062,CSI
8614604030000,4.214994,4.77469738146836,-1.6543605819506,9.43001578004133,-0.16218472,-0.08002335,-0.003970624,298.84702,13.624762,28.340807,CSI
8614608965000,4.219929,4.46131347248322,-1.86702739798658,9.34657826845638,-0.15057829,-0.099571034,-0.087964594,298.8368,13.554235,28.32202,CSI
8614614051000,4.225015,4.17585430670196,-1.95911101691086,9.03349383911523,-0.16340645,-0.06078109,-0.14935656,298.84702,13.479519,28.30524,CSI
8614619073000,4.230037,3.91697629761057,-2.00053695987799,8.68952251967463,-0.19181168,0.019242255,-0.19975294,298.84186,13.462329,28.212725,CSI
8614624023000,4.234987,3.74345451316726,-1.86557554960854,8.22679742562278,-0.20219639,0.124311075,-0.23548855,298.85608,13.437819,28.107832,CSI
8614629051000,4.240015,3.62799518961116,-1.71068467272188,7.79262490155338,-0.18661933,0.24129178,-0.23457226,298.85324,13.453564,27.950617,CSI
8614634052000,4.245016,3.69907500083111,-1.50218379418225,7.4703963745424,-0.16035213,0.32742378,-0.22388211,298.86432,13.46515,27.777737,CSI
8614639012000,4.249976,3.77085244326399,-1.31563664481743,7.17347049360771,-0.10354166,0.3827071,-0.20341812,298.88184,13.462035,27.598629,CSI
8614643993000,4.254957,3.84750968195697,-1.20065083124721,6.95627505809303,-0.035124753,0.44715336,-0.18325958,298.90344,13.4504385,27.395277,CSI
8614649329000,4.260293,3.93762310976675,-1.07728930576845,6.73686499347108,0.032070424,0.50640726,-0.15974127,298.94843,13.393851,27.234364,CSI
8614653915000,4.264879,4.18788179893492,-0.967362565837682,6.83509741630632,0.08827003,0.5317582,-0.121256754,298.9837,13.327911,27.064577,CSI
8614658897000,4.269861,4.45975026588561,-0.847943678280967,6.9418121852913,0.13194689,0.516792,-0.070249505,299.02286,13.233652,26.934399,CSI
8614663920000,4.274884,4.73385610881883,-0.72754201786399,7.0494051769837,0.16768251,0.48808134,-0.010079277,299.04666,13.134357,26.799446,CSI
8614668916000,4.27988,4.99778135493289,-0.64537561272852,7.20600548574508,0.18600847,0.3747658,0.013439035,299.0485,13.030753,26.69251,CSI
8614673914000,4.284878,5.22756282576663,-0.711027439853042,7.55771166575879,0.18417588,0.23548855,0.086437434,299.01105,12.938568,26.59475,CSI
8614678941000,4.289905,5.43324679069021,-0.804467105417335,7.89050576847913,0.16707164,0.090713486,0.14630222,298.9982,12.780203,26.618399,CSI
8614683917000,4.294881,5.5097382141252,-1.03394157540128,8.11519922497994,0.14721853,-0.036957346,0.1957823,298.95547,12.633457,26.671194,CSI
8614688927000,4.299891,5.56416113710766,-1.25524717838076,8.31660651217366,0.13103059,-0.13622294,0.21166481,298.89627,12.490721,26.7623,CSI
8614693948000,4.304912,5.50773986504351,-1.42921316819204,8.39653747403931,0.13255776,-0.21930063,0.21991149,298.81552,12.356655,26.879488,CSI
8614698915000,4.309879,5.44861633046588,-1.60445298082351,8.47380305992654,0.12644911,-0.28160888,0.21777347,298.7081,12.269901,27.00251,CSI
8614704020000,4.314984,5.36355807969264,-1.80764772115794,8.53995934013145,0.12675454,-0.32253686,0.21319197,298.59485,12.183952,27.139492,CSI
8614709682000,4.320646,5.26864701626966,-2.00351360284045,8.58311010301124,0.13041973,-0.3295618,0.20250183,298.46454,12.1349945,27.257896,CSI
8614714125000,4.325089,5.19215293361798,-2.0532347066427,8.51044099406742,0.10629055,-0.32650748,0.17959438,298.33807,12.092024,27.383215,CSI
8614718968000,4.329932,5.10877214534831,-2.10743216460225,8.43122953905618,0.08582657,-0.29901853,0.1591304,298.18127,12.090027,27.47024,CSI
8614724023000,4.334987,4.96694699484029,-2.14445559775921,8.29409676619164,0.05100725,-0.2657264,0.13500121,298.0349,12.094434,27.554483,CSI
8614729033000,4.339997,4.81605244201474,-2.17746379196069,8.14791702958231,0.020463986,-0.20830505,0.11209377,297.8999,12.100481,27.62374,CSI
8614734043000,4.345007,4.66087485519631,-2.13825987528868,8.03062792240185,0.011301007,-0.12705997,0.06872234,297.77344,12.122696,27.666483,CSI
8614738929000,4.349893,4.50860091616628,-2.08422715746378,7.92256269191686,-0.00580322,-0.03940081,0.03970624,297.65598,12.152955,27.690989,CSI
8614743983000,4.354947,4.41634279081882,-2.05561313547038,7.86909364836237,-0.019547688,0.044898596,0.020463986,297.54654,12.196055,27.678976,CSI
8614749057000,4.360021,4.33168659250871,-2.03021626271777,7.82253271498258,-0.040317107,0.1151481,0.0009162979,297.45334,12.240452,27.648706,CSI
8614754030000,4.364994,4.25738243750557,-1.97810220328508,7.79526584790646,-0.05100725,0.172264,-0.022602014,297.36932,12.278417,27.583206,CSI
8614759053000,4.370017,4.18774374449889,-1.90846345434298,7.77919526841871,-0.051618114,0.2284636,-0.049480084,297.29907,12.3151455,27.501316,CSI
8614764091000,4.375055,4.15606297919922,-1.84570313271484,7.7375173640625,-0.086132,0.26145032,-0.07391469,297.2381,12.358132,27.399822,CSI
8614769028000,4.379992,4.13297647758789,-1.78567880708008,7.69134484296875,-0.096516706,0.2724459,-0.0870483,297.1856,12.392339,27.291924,CSI
8614774029000,4.384993,4.12428904954178,-1.71204905714286,7.6971712522911,-0.1001819,0.2947425,-0.09712757,297.14087,12.418408,27.16594,CSI
8614779889000,4.390853,4.11924681701707,-1.62128881904762,7.72238241491465,-0.102319926,0.31215215,-0.12370021,297.1065,12.442103,27.042597,CSI
8614784033000,4.394997,4.12958460811289,-1.57621091394577,7.71981471223021,-0.12217305,0.31856623,-0.13133603,297.08432,12.462542,26.918814,CSI
8614789056000,4.40002,4.1508815165689,-1.53361715262867,7.70384229496403,-0.12522738,0.3051272,-0.13958271,297.07056,12.475239,26.799864,CSI
8614794034000,4.404998,4.20907511583134,-1.50513187700875,7.72436537875895,-0.121256754,0.29779682,-0.1518,297.07047,12.470115,26.679869,CSI
8614799036000,4.41,4.28052989952267,-1.48131368210024,7.75771075214797,-0.11575896,0.27580565,-0.14905111,297.06598,12.466119,26.569319,CSI
8614804033000,4.414997,4.37381470802213,-1.47803812789304,7.82456906855694,-0.10323623,0.23762658,-0.15363261,297.06448,12.447814,26.475336,CSI
8614809015000,4.419979,4.47500112633472,-1.4824375393822,7.9037584294237,-0.092240654,0.19730948,-0.1414153,297.05493,12.431138,26.388443,CSI
8614814145000,4.425109,4.53799974572158,-1.53764619893572,7.9983296117284,-0.084910266,0.13836098,-0.1282817,297.04758,12.403549,26.331367,CSI
8614819035000,4.429999,4.56790431277139,-1.62736000417199,8.09801165802469,-0.06872234,0.095294975,-0.12186762,297.0365,12.371994,26.28176,CSI
8614824032000,4.434996,4.58087194502333,-1.73574875856337,8.19703608164852,-0.06627888,0.057421334,-0.12522738,297.02423,12.337804,26.26157,CSI
8614829100000,4.440064,4.58558959883359,-1.85369015308126,8.29610641757387,-0.064446285,0.03023783,-0.13958271,297.01093,12.299671,26.250942,CSI
8614834032000,4.444996,4.58152722201657,-1.95383837452396,8.35631422811183,-0.07941248,0.005192355,-0.14813483,296.98895,12.2815695,26.24239,CSI
8614839038000,4.450002,4.5722357668201,-2.04675275670333,8.39580314918359,-0.083383106,-0.0036651916,-0.15485434,296.97015,12.259012,26.237797,CSI
8614843980000,4.454944,4.56306309970444,-2.13847926024517,8.43478721788846,-0.092240654,0.0125227375,-0.15210545,296.93973,12.263798,26.220518,CSI
8614849521000,4.460485,4.55277865039488,-2.24132356541015,8.47849638921459,-0.11026118,0.02107485,-0.16646078,296.91574,12.268816,26.209631,CSI
8614854026000,4.46499,4.54410135785329,-2.31101089059262,8.48486471570659,-0.11881329,0.045814894,-0.18325958,296.8944,12.27363,26.189987,CSI
8614859014000,4.469978,4.53420313385827,-2.37534978582677,8.46506826771654,-0.1414153,0.054061573,-0.19150625,296.87457,12.285743,26.17326,CSI
8614864109000,4.475073,4.53538734086119,-2.40655753493928,8.43964733232962,-0.1441642,0.06688975,-0.19883664,296.8423,12.331192,26.132107,CSI
8614869034000,4.479998,4.54485547169527,-2.41129162507277,8.41124269266285,-0.14110987,0.07666359,-0.21074851,296.8149,12.37819,26.0914,CSI
8614874016000,4.48498,4.55032199467377,-2.38255913768309,8.38011435419441,-0.1423316,0.08552113,-0.22540927,296.78854,12.437393,26.050032,CSI
8614879140000,4.490104,4.55274210356562,-2.32689774505104,8.34623333510875,-0.14080444,0.083383106,-0.23060162,296.76337,12.4935665,26.010221,CSI
8614884030000,4.494994,4.55505169226217,-2.27377826613404,8.31389957567688,-0.13958271,0.09193522,-0.22357668,296.7407,12.550524,25.9708,CSI
8614889036000,4.5,4.55741606874784,-2.21939869323864,8.28079879863885,-0.13713925,0.08552113,-0.22479841,296.72125,12.603894,25.937965,SIT
8614893990000,4.504954,4.5728940386601,-2.13575249568473,8.25761681852217,-0.1282817,0.08002335,-0.22388211,296.70007,12.655349,25.902815,SIT
8614899035000,4.509999,4.60145455407882,-2.02151013578325,8.24333623773399,-0.1133155,0.064446285,-0.20463985,296.6727,12.705703,25.871925,SIT
8614904026000,4.51499,4.6369581411091,-1.90741243423749,8.21976854490657,-0.1020145,0.050701816,-0.1957823,296.65906,12.731738,25.854193,SIT
8614909016000,4.51998,4.68016650799679,-1.79219055700221,8.18616249407273,-0.086437434,0.04734206,-0.17440203,296.6354,12.756407,25.836077,SIT
8614914019000,4.524983,4.70923065283357,-1.68427348130841,8.17369487746073,-0.07666359,0.02321288,-0.15851954,296.6311,12.756213,25.838566,SIT
8614919265000,4.530229,4.72421570735733,-1.5793779953271,8.18368486165242,-0.05497787,0.0036651916,-0.1459968,296.62128,12.751315,25.839468,SIT
8614924021000,4.534985,4.73765230512596,-1.4987408576014,8.19935209736407,-0.031154128,-0.02076942,-0.13927728,296.61792,12.720751,25.862703,SIT
8614929093000,4.540057,4.7518260315728,-1.42787197869857,8.22297481032973,-0.018936822,-0.05100725,-0.124005646,296.606,12.690876,25.890974,SIT
8614933989000,4.544953,4.77094282603795,-1.38112380879203,8.23417485910201,-0.015577064,-0.04886922,-0.1133155,296.60373,12.636239,25.92097,SIT
8614939039000,4.550003,4.79819982866804,-1.36295253695285,8.22963242062747,0.0027488936,-0.054367006,-0.0852157,296.58832,12.579929,25.9583,SIT
8614943966000,4.55493,4.82566205494195,-1.34748711007217,8.225055625353,0.014049901,-0.046731193,-0.07391469,296.5831,12.508471,25.993483,SIT
8614949044000,4.560008,4.8561803516264,-1.33731432680682,8.21996912749712,0.010995574,-0.05375614,-0.044898596,296.56204,12.443259,26.03019,SIT
8614953925000,4.564889,4.88847941804309,-1.33811856808298,8.22210670357072,0.011911872,-0.056199603,-0.03726278,296.55112,12.36975,26.070595,SIT
8614959007000,4.569971,4.92731383581688,-1.35753580231398,8.23666942649112,-0.0021380284,-0.0571159,-0.016187929,296.5266,12.307687,26.108673,SIT
8614964002000,4.574966,4.95995262776149,-1.38172447886608,8.24213265845552,0.0033597588,-0.056505036,-0.0018325958,296.50333,12.239332,26.152422,SIT
8614969030000,4.579994,4.98348740312805,-1.41467316437928,8.23271904320626,-0.007330383,-0.051618114,-0.0018325958,296.488849803528,12.2115958464314,26.1744008516439,SIT
8614973978000,4.584942,5.00681221454255,-1.45041558617659,8.22184537455054,-0.016187929,-0.062002823,0.0076358155,296.4746,12.184301,26.19603,SIT
8614979119000,4.590083,5.0313998737515,-1.4946733727527,8.20709247093488,-0.021380283,-0.06047566,0.019242255,296.44077,12.130145,26.241127,SIT
8614983956000,4.59492,5.04847414653211,-1.53019779196596,8.18127777896507,-0.019547688,-0.055588737,0.034513887,296.4013,12.089296,26.289019,SIT
8614989032000,4.599996,5.05328396665677,-1.55424644058573,8.1283710131592,-0.025350908,-0.04886922,0.03023783,296.36484,12.05152,26.335438,SIT
8614993973000,4.604937,5.05094051878442,-1.5776131332022,8.08678798947679,-0.01740966,-0.053145275,0.03970624,296.32126,12.023716,26.386013,SIT
8614999035000,4.609999,5.03186975239969,-1.60145152895358,8.06771712352478,-0.0061086523,-0.045814894,0.03726278,296.28436,11.995002,26.431528,SIT
8615003978000,4.614942,5.01448235947867,-1.61973508017378,8.0528392591331,-0.0106901415,-0.03726278,0.032070424,296.24298,11.976616,26.481813,SIT
8615009033000,4.619997,5.00014269004739,-1.6245149699842,8.04805951905608,0.0030543262,-0.049480084,0.05589417,296.19266,11.954636,26.533024,SIT
8615014086000,4.62505,4.98333634660808,-1.63176508494125,8.0358655781574,0.008246681,-0.04886922,0.049480084,296.15305,11.938646,26.576185,SIT
8615019038000,4.630002,4.95992155762812,-1.6458140072282,8.00308492248445,0.010079277,-0.04734206,0.04642576,296.10455,11.923903,26.619755,SIT
8615024024000,4.634988,4.93162686534527,-1.65731420153453,7.98169279028133,0.006414085,-0.05681047,0.03726278,296.05884,11.909492,26.663624,SIT
8615029123000,4.640087,4.88599384986721,-1.65971593787134,8.00090658066103,0.02107485,-0.04886922,0.030543262,296.0151,11.890212,26.701403,SIT
8615034802000,4.645766,4.83517017955932,-1.66239086641747,8.02230589730474,0.009162978,-0.032986723,0.031154128,295.97122,11.883088,26.737942,SIT
8615039034000,4.649998,4.79729629811135,-1.66438422750344,8.0382527027346,0.02076942,-0.051618114,0.024740042,295.93,11.86479,26.781975,SIT
8615043990000,4.654954,4.75827175162954,-1.66356188131141,8.05479464247495,0.010079277,-0.03970624,0.018325957,295.8924,11.855547,26.812307,SIT
8615049042000,4.660006,4.74885804582158,-1.64473432224925,8.0595016182508,0.004276057,-0.053450707,0.007941248,295.8551,11.841086,26.854856,SIT
8615053969000,4.664933,4.74134088349146,-1.62641432444023,8.06079614705882,-0.002443461,-0.04795292,0.0018325958,295.81903,11.831489,26.866056,SIT
8615059036000,4.67,4.75054873780835,-1.60799851965844,8.02856853676471,-0.0027488936,-0.04062254,-0.009162978,295.78723,11.81996,26.881193,SIT
8615064298000,4.675262,4.75921592568571,-1.589064284949,7.99823326606595,-0.008552114,-0.0421497,-0.008857546,295.76266,11.808683,26.895708,SIT
8615069049000,4.680013,4.7502053030003,-1.57554828035449,8.02977056307555,-0.02076942,-0.039095376,-0.004276057,295.74124,11.798527,26.907024,SIT
8615074381000,4.685345,4.74041568019754,-1.56185005841966,8.0630480790171,-0.016798794,-0.034208454,-0.0036651916,295.72275,11.782395,26.923977,SIT
8615079080000,4.690044,4.73824746130089,-1.57919580959287,8.05003872035654,-0.021380283,-0.029626964,-0.007330383,295.7045,11.771836,26.939745,SIT
8615083996000,4.69496,4.73597911397254,-1.59734258821971,8.03642858901469,-0.03145956,-0.026267206,-0.008246681,295.68707,11.758375,26.949064,SIT
8615089030000,4.699994,4.73365631892556,-1.61592494859552,8.02249177022404,-0.028405234,-0.013439035,-0.011301007,295.67264,11.742285,26.954596,SIT
8615094006000,4.70497,4.73136028631655,-1.6342932094676,8.00871552662009,-0.038179077,-0.005192355,-0.009162978,295.65686,11.732839,26.959967,SIT
8615099033000,4.709997,4.74129193504326,-1.65143296410906,8.0096598290658,-0.03604105,-0.004581489,-0.015271631,295.64136,11.71834,26.963804,SIT
8615104680000,4.715644,4.75547003555012,-1.67033721326575,8.01438597771563,-0.045814894,0.013744468,-0.01863139,295.62637,11.710205,26.959997,SIT
8615109048000,4.720012,4.76758629792455,-1.68385447038135,8.01842481188018,-0.04428773,0.013744468,-0.022296581,295.60834,11.707334,26.962267,SIT
8615114127000,4.725091,4.78250524378898,-1.69877336431858,8.02339788038033,-0.060170226,0.025045475,-0.032070424,295.59564,11.710128,26.95689,SIT
8615119010000,4.729974,4.7918443142756,-1.71270013869866,8.02765785622344,-0.051923547,0.046120327,-0.03145956,295.5803,11.710881,26.950209,SIT
8615124044000,4.735008,4.79786903047155,-1.72675776089311,8.03167429873782,-0.063224554,0.054061573,-0.03573562,295.56952,11.718608,26.94502,SIT
8615129119000,4.740083,4.80394281567108,-1.74092987703074,8.03572345363659,-0.064751714,0.048563786,-0.05131268,295.5618,11.722817,26.940536,SIT
8615134057000,4.745021,4.80985263859035,-1.75471941584604,8.03966330129967,-0.058337633,0.04337143,-0.05375614,295.55203,11.728913,26.93332,SIT
8615139017000,4.749981,4.81578879121886,-1.76857039043572,8.04362070194951,-0.06505715,0.052534413,-0.060170226,295.5491,11.73604,26.925001,SIT
8615143996000,4.75496,4.83393196341796,-1.78178801313131,8.03443868686869,-0.0571159,0.051923547,-0.058948494,295.5462,11.738157,26.921562,SIT
8615148938000,4.759902,4.85546647320047,-1.79470876397306,8.02151793602694,-0.058948494,0.05497787,-0.061086524,295.54733,11.7430935,26.915266,SIT
8615154031000,4.764995,4.84806894805796,-1.80467695929842,8.015787,-0.06169739,0.04886922,-0.06566802,295.55075,11.753077,26.912893,SIT
8615159019000,4.769983,4.81892662779359,-1.81196253302491,8.015787,-0.06414085,0.04734206,-0.07086037,295.55557,11.762909,26.908655,SIT
8615164096000,4.77506,4.78926432627351,-1.81937810195221,8.015787,-0.056199603,0.047647487,-0.063224554,295.5526,11.774314,26.910818,SIT
8615169033000,4.779997,4.76041997279614,-1.82658918404677,8.015787,-0.06566802,0.035430185,-0.06841691,295.55423,11.788165,26.91799,SIT
8615174662000,4.785626,4.78456563979497,-1.83606396795899,8.02612783793103,-0.06841691,0.040317107,-0.073303826,295.55466,11.799159,26.919708,SIT
8615179146000,4.79011,4.8245864890028,-1.84406813780056,8.03813413448276,-0.06169739,0.03023783,-0.07269296,295.55304,11.80998,26.928839,SIT
8615183991000,4.794955,4.8482995406179,-1.82640628015086,8.04208231023972,-0.058948494,0.02107485,-0.064751714,295.54865,11.827174,26.924051,SIT
8615189033000,4.799997,4.85328876580905,-1.78150273245505,8.03709318924365,-0.050701816,0.03023783,-0.06688975,295.54788,11.839746,26.917648,SIT
8615194019000,4.804983,4.85719787041376,-1.75422652441428,8.02879194896561,-0.04795292,0.024129177,-0.07666359,295.54486,11.852727,26.926477,SIT
8615199035000,4.809999,4.86033286222998,-1.74011913489526,8.01781946942505,-0.05009095,0.024129177,-0.070249505,295.53864,11.866507,26.930025,SIT
8615204025000,4.814989,4.86345160408863,-1.72608486980356,8.00690386477844,-0.043676864,0.022296581,-0.061086524,295.53403,11.867106,26.938128,SIT
8615209017000,4.819981,4.86657159594401,-1.71204497975592,7.99598388513999,-0.040927973,0.01863139,-0.056505036,295.5287,11.869404,26.946432,SIT
8615214092000,4.825056,4.86974346266397,-1.69777165403642,7.98488234334008,-0.034513887,0.031154128,-0.04428773,295.5147,11.870953,26.94922,SIT
8615219017000,4.829981,4.87282157962866,-1.68392020001305,7.97410892592834,-0.038179077,0.03268129,-0.043066,295.50177,11.873507,26.956324,SIT
8615224033000,4.834997,4.87882239482881,-1.66854274232678,7.98692758810271,-0.032070424,0.043676864,-0.040011674,295.48645,11.873994,26.956026,SIT
8615229111000,4.840075,4.88867472816552,-1.65130117827694,8.03126299810069,-0.030543262,0.031154128,-0.04886922,295.47302,11.875124,26.962488,SIT
8615234068000,4.845032,4.89829229735616,-1.6344704510231,8.0745419715863,-0.013744468,0.035430185,-0.03970624,295.45477,11.864462,26.966995,SIT
8615238991000,4.849955,4.90784389976195,-1.61775516551357,8.11752409514283,-0.018020526,0.030848695,-0.034513887,295.43903,11.857261,26.978056,SIT
8615243970000,4.854934,4.90169299496694,-1.61338710201322,8.14252723078062,-0.027183503,0.026267206,-0.03390302,295.42233,11.847892,26.9874,SIT
8615249005000,4.859969,4.87789984979769,-1.62290436008092,8.14728571074706,-0.02076942,0.021380283,-0.032986723,295.40372,11.836605,26.99751,SIT
8615253992000,4.864956,4.86065462310327,-1.63023877705793,8.15204372261965,-0.020463986,0.015271631,-0.032986723,295.3961,11.818878,27.006086,SIT
8615258969000,4.869933,4.85104979036776,-1.63504116835264,8.15684621420655,-0.023823744,0.01985312,-0.03176499,295.38824,11.801127,27.012684,SIT
8615263986000,4.87495,4.85249220415842,-1.62437809168317,8.14618314554456,-0.029932396,0.02076942,-0.02687807,295.37488,11.786597,27.016674,SIT
8615269015000,4.879979,4.86679766768317,-1.59576716463366,8.11757211891089,-0.03023783,0.017715093,-0.03268129,295.3646,11.770503,27.021002,SIT
8615274046000,4.88501,4.88110106738529,-1.5606539072587,8.10848452590981,-0.038179077,0.0143553335,-0.03634648,295.35165,11.760187,27.022058,SIT
8615279044000,4.890008,4.8953014272943,-1.51805262982595,8.1226852318038,-0.030848695,0.02107485,-0.032375857,295.33878,11.746574,27.020966,SIT
8615283957000,4.894921,4.90430297101237,-1.48322434352056,8.1277750869629,-0.03970624,0.018936822,-0.032070424,295.33105,11.7325735,27.030966,SIT
8615289030000,4.899994,4.90667790971306,-1.45710056337684,8.12065027086083,-0.04520403,0.024740042,-0.02565634,295.3213,11.717553,27.03601,SIT
8615293938000,4.904902,4.9089756032165,-1.43182646265826,8.11375719035049,-0.049785517,0.036651913,-0.021991149,295.3169,11.694508,27.042522,SIT
8615299038000,4.910002,4.91136318204038,-1.40556364406316,8.10659445387887,-0.03970624,0.035124753,-0.015577064,295.30902,11.670803,27.050339,SIT
8615303924000,4.914888,4.90683370470577,-1.38408579041014,8.10349510154547,-0.03756821,0.03726278,-0.007941248,295.30075,11.651327,27.053343,SIT
8615309017000,4.919981,4.88750548210818,-1.36958966130374,8.10832724549237,-0.028405234,0.04550946,-0.006414085,295.29272,11.627974,27.054905,SIT
8615313995000,4.924959,4.87901000500244,-1.36285013154559,8.11597033573866,-0.03634648,0.040317107,-0.0070249503,295.29047,11.59897,27.063356,SIT
8615319045000,4.930009,4.89315803181862,-1.37228213300829,8.13011846104339,-0.021991149,0.04886922,-0.0009162979,295.28714,11.563713,27.06497,SIT
8615323974000,4.934938,4.90271298004129,-1.38150821817914,8.13906145369187,-0.03023783,0.04184427,0.0033597588,295.28247,11.533168,27.06902,SIT
8615329044000,4.940008,4.90032610220234,-1.39105587907777,8.13428767309016,-0.02076942,0.032375857,0.016187929,295.27362,11.497117,27.070354,SIT
8615333965000,4.944929,4.89800937126635,-1.40032294796972,8.12965418702684,-0.029626964,0.04795292,0.0143553335,295.26883,11.4682455,27.068373,SIT
8615339037000,4.950001,4.89562155185823,-1.40987437520401,8.12487852327696,-0.022296581,0.04184427,0.018020526,295.25607,11.435908,27.073757,SIT
8615343966000,4.95493,4.89284697644145,-1.42277543193977,8.11752672458887,-0.02076942,0.04917465,0.022602014,295.24878,11.408274,27.070745,SIT
8615349005000,4.959969,4.88806616653457,-1.45146024146027,8.09840358480285,-0.016798794,0.040317107,0.026267206,295.23898,11.379084,27.073702,SIT
8615353979000,4.964943,4.88254161442421,-1.47727304112808,8.0852698070897,-0.0143553335,0.043066,0.031154128,295.22055,11.355096,27.070206,SIT
8615358979000,4.969943,4.87316367670388,-1.49134002115159,8.09933659126518,-0.015882496,0.029932396,0.029321533,295.20148,11.331174,27.073755,SIT
8615364061000,4.975025,4.86290201041459,-1.50920122661949,8.11296568427347,-0.023823744,0.036651913,0.030543262,295.17892,11.316654,27.070644,SIT
8615368997000,4.979961,4.84876868890771,-1.54689000198326,8.1223880625872,-0.018020526,0.032986723,0.026267206,295.15723,11.298393,27.074469,SIT
8615374047000,4.985011,4.83565815770328,-1.58048777279125,8.12945029897765,-0.01740966,0.03268129,0.032986723,295.13126,11.288158,27.070896,SIT
8615379045000,4.990009,4.83110612760342,-1.5827637997242,8.12034611994769,-0.028405234,0.014966198,0.033292156,295.1074,11.278239,27.073885,SIT
8615384537000,4.995501,4.82610417696148,-1.58526478810271,8.11034208808844,-0.02687807,0.024740042,0.035430185,295.089,11.275764,27.063747,SIT
8615388991000,4.999955,4.82204760592011,-1.58729308421303,8.10222884010937,-0.034513887,0.015882496,0.03145956,295.07007,11.277644,27.064152,SIT
8615393993000,5.004957,4.81749193273894,-1.58957093269615,8.09311737482168,-0.036651913,0.011911872,0.035124753,295.04935,11.279046,27.059921,SIT
8615399009000,5.009973,4.82157819635615,-1.60308262828749,8.11462271381249,-0.040927973,0.0021380284,0.03359759,295.0307,11.2816925,27.060389,SIT
8615403969000,5.014933,4.82634635857258,-1.61738726430436,8.13846377384059,-0.03145956,0.00580322,0.035430185,295.01074,11.282295,27.057777,SIT
8615408974000,5.019938,4.82240369881392,-1.61417325384017,8.13167145265409,-0.038179077,0.002443461,0.040927973,294.9899,11.291124,27.05835,SIT
8615414025000,5.024989,4.8177010046957,-1.60947051061637,8.12226601531207,-0.03268129,0.010995574,0.04184427,294.97125,11.294028,27.054747,SIT
8615418995000,5.029959,4.8129299995118,-1.61520946780915,8.11482601024209,-0.03940081,0.01282817,0.043676864,294.94925,11.304628,27.051682,SIT
8615423923000,5.034887,4.8081794114802,-1.62233531265288,8.1077001405959,-0.022602014,0.021380283,0.04184427,294.92944,11.307374,27.04461,SIT
8615428997000,5.039961,4.80328807956616,-1.62967227221803,8.10036315549348,-0.03268129,0.020158553,0.03940081,294.90436,11.318163,27.038748,SIT
8615433936000,5.0449,4.79852688754341,-1.63681402296542,8.09322137988827,-0.032375857,0.027488936,0.046731193,294.8783,11.323035,27.027756,SIT
8615438991000,5.049955,4.78099520195613,-1.64612647119146,8.10938668672199,-0.027488936,0.03573562,0.045814894,294.8559,11.327773,27.01767,SIT
8615443955000,5.054919,4.76220865411974,-1.65551976963051,8.12817333264177,-0.022907447,0.042760566,0.043982297,294.8322,11.333238,27.005663,SIT
8615449004000,5.059968,4.76800623917536,-1.66928739350224,8.10987601082961,-0.021991149,0.040317107,0.03634648,294.81342,11.341656,26.993805,SIT
8615453929000,5.064893,4.77737851662196,-1.68334573627422,8.08644543954297,-0.028710667,0.040927973,0.036957346,294.79358,11.351545,26.979017,SIT
8615458986000,5.06995,4.78272124115865,-1.69720162347596,8.07503585668307,-0.0125227375,0.04917465,0.035124753,294.7766,11.3558,26.957582,SIT
8615464031000,5.074995,4.78729478867853,-1.71092226603559,8.06588869000852,-0.013133603,0.0421497,0.030543262,294.75952,11.365538,26.940773,SIT
8615468996000,5.07996,4.79179581215449,-1.72442533646346,8.05688657255774,-0.013744468,0.04642576,0.03390302,294.73672,11.3755665,26.921467,SIT
8615473941000,5.084905,4.79627870461946,-1.73787401385839,8.04792071741291,-0.01740966,0.05222898,0.03023783,294.71747,11.384818,26.904737,SIT
8615478996000,5.08996,4.80731239435814,-1.73986810188062,8.04762810067457,-0.017715093,0.049785517,0.026572637,294.6972,11.393636,26.889235,SIT
8615483986000,5.09495,4.82196536819297,-1.73498377726901,8.05251227228128,-0.008857546,0.04184427,0.021685716,294.67877,11.400219,26.874306,SIT
8615488995000,5.099959,4.82028128724772,-1.7301873104076,8.06695285907202,-0.01038471,0.04886922,0.025350908,294.65335,11.41648,26.85818,SIT
8615493994000,5.104958,4.81080865702414,-1.72545102002374,8.08589816897507,-0.016187929,0.039095376,0.025961773,294.62903,11.430298,26.84969,SIT
8615498994000,5.109958,4.79504387714726,-1.72695348479634,8.10647883058139,-0.01985312,0.03573562,0.01985312,294.61417,11.442593,26.840439,SIT
8615503991000,5.114955,4.77600365945691,-1.73171354543194,8.12789917799771,-0.007330383,0.03268129,0.009162978,294.60013,11.451475,26.834234,SIT
8615508970000,5.119934,4.7570320277018,-1.73645645956135,8.14924236586761,-0.009773844,0.03176499,0.014049901,294.5788,11.464051,26.824162,SIT
8615514090000,5.125054,4.73752313945392,-1.74133368798926,8.17118997018451,-0.018020526,0.019547688,0.012217305,294.56213,11.472501,26.81938,SIT
8615518995000,5.129959,4.71259408139695,-1.74035757268108,8.17597171793988,-0.018936822,0.021685716,0.012217305,294.554958288027,11.4756304743154,26.8159240485709,SIT
8615524096000,5.13506,4.68314275871157,-1.73615024714495,8.1717643045388,-0.018020526,0.017715093,0.0021380284,294.5475,11.478885,26.81233,SIT
8615529070000,5.140034,4.65687382237872,-1.72637087744243,8.17428926849989,-0.013744468,0.020463986,-0.008246681,294.53317,11.485824,26.807632,SIT
8615534000000,5.144964,4.63576316118936,-1.70526038157836,8.19012191996423,-0.01863139,0.019242255,-0.0106901415,294.51825,11.496219,26.79235,SIT
8615538992000,5.149956,4.62316685895298,-1.69995608209404,8.18316222985943,-0.017715093,0.020158553,-0.016493361,294.50885,11.502063,26.770939,SIT
8615543977000,5.154941,4.618538613873,-1.709212572254,8.15539290436258,-0.020463986,0.010079277,-0.029932396,294.50186,11.508598,26.754007,SIT
8615548992000,5.159956,4.61154833144074,-1.6874143053939,8.15146636302342,-0.012217305,0.02443461,-0.025045475,294.49265,11.509641,26.724237,SIT
8615553996000,5.16496,4.60183068824901,-1.62910869991889,8.17576034416506,-0.018020526,0.021685716,-0.032070424,294.4895,11.511577,26.704103,SIT
8615558970000,5.169934,4.59228969588852,-1.59703803599526,8.19274680411149,-0.020463986,0.014966198,-0.040927973,294.48508,11.514106,26.683,SIT
8615564033000,5.174997,4.5827053738387,-1.59224584995058,8.2023311261613,-0.02443461,0.013133603,-0.035430185,294.47858,11.519382,26.661266,SIT
8615568982000,5.179946,4.59089169359191,-1.57437531787521,8.19853758347386,-0.01740966,0.010995574,-0.038179077,294.4819,11.507273,26.640303,SIT
8615574065000,5.185029,4.61986433979764,-1.54057384688027,8.17922258684654,-0.016493361,0.01160644,-0.03390302,294.48132,11.49951,26.618685,SIT
8615578999000,5.189963,4.64366697353057,-1.51209649664694,8.17538533333333,-0.0290161,0.013439035,-0.032375857,294.48273,11.491728,26.595272,SIT
8615584001000,5.194965,4.66256392771203,-1.4884756122288,8.18955766666667,-0.040317107,0.008552114,-0.032375857,294.48282,11.483942,26.573822,SIT
8615588965000,5.199929,4.67936856417881,-1.46992273155841,8.20068934867869,-0.040011674,0.0027488936,-0.030848695,294.4803,11.468281,26.562431,SIT
8615594038000,5.205002,4.69376708880711,-1.45792396521116,8.20788877387009,-0.036957346,0.0009162979,-0.03604105,294.47977,11.4541645,26.551918,SIT
8615598928000,5.209892,4.70764621071376,-1.44635803431465,8.21482849182514,-0.04917465,-0.0009162979,-0.03145956,294.47784,11.439492,26.545584,SIT
8615604034000,5.214998,4.72213839812793,-1.43428121567301,8.22207474946901,-0.03573562,-0.004886922,-0.025961773,294.47696,11.4173155,26.540688,SIT
8615608944000,5.219908,4.73864999860033,-1.42865703103516,8.22390784979475,-0.05375614,-0.007941248,-0.021991149,294.47034,11.406174,26.536324,SIT
8615614064000,5.225028,4.76047597693753,-1.43350724281616,8.21663238018695,-0.05497787,-0.01160644,-0.01863139,294.4619,11.38832,26.532959,SIT
8615618923000,5.229887,4.78118934192591,-1.43811020747317,8.20972778901034,-0.04917465,-0.0061086523,-0.01740966,294.4562,11.367483,26.532843,SIT
8615624098000,5.235062,4.80324977901479,-1.44301252113853,8.20237416494387,-0.047647487,-0.00061086525,-0.018325957,294.44983,11.348565,26.533604,SIT
8615629014000,5.239978,4.8218064407117,-1.44921285505343,8.18995857170866,-0.047036625,-0.0012217305,-0.014966198,294.4449,11.330931,26.532312,SIT
8615634122000,5.245086,4.83619271386139,-1.45880368712871,8.16598136633663,-0.054367006,-0.010995574,-0.01160644,294.43988,11.315157,26.532137,SIT
8615638981000,5.249945,4.8478428820607,-1.46657045470713,8.15184062338102,-0.060170226,-0.01038471,-0.013744468,294.43616,11.300396,26.539267,SIT
8615643981000,5.254945,4.85478527525614,-1.47119871683743,8.15878316156002,-0.054061573,0.00030543262,-0.011301007,294.43,11.285772,26.54559,SIT
8615648993000,5.259957,4.86174433019525,-1.47583808679683,8.16574236183066,-0.04642576,-0.003970624,-0.006414085,294.4228,11.27488,26.561157,SIT
8615654032000,5.264996,4.86874087405761,-1.48050244937174,8.17273905180746,-0.04734206,-0.015577064,-0.005192355,294.41623,11.2646675,26.575613,SIT
8615659001000,5.269965,4.87529913786265,-1.48722275145062,8.17366190553873,-0.051618114,-0.016187929,-0.0018325958,294.41034,11.25421,26.588495,SIT
8615664117000,5.275081,4.88008519909153,-1.50636699636612,8.14015927703429,-0.043982297,-0.014049901,0.004886922,294.4024,11.241792,26.603231,SIT
8615668969000,5.279933,4.88464597755144,-1.52366116501177,8.10918261224281,-0.04184427,-0.02107485,0.007330383,294.39758,11.233559,26.621735,SIT
8615674112000,5.285076,4.88968779169823,-1.5337448985976,8.08397354150885,-0.04337143,-0.03023783,0.005497787,294.392,11.224827,26.639765,SIT
8615679054000,5.290018,4.89008288999139,-1.54333215634867,8.06806950731987,-0.03726278,-0.027488936,0.0125227375,294.38144,11.2203865,26.659132,SIT
8615684033000,5.294997,4.86727029445029,-1.55245714692374,8.09544471725194,-0.027183503,-0.022602014,0.015882496,294.37216,11.2147,26.680336,SIT
8615689103000,5.300067,4.845677869753,-1.56288380441673,8.11945413167033,-0.02687807,-0.023518313,0.017104227,294.3595,11.213412,26.704613,SIT
8615694032000,5.304996,4.84336903887992,-1.58597213725605,8.09867470202984,-0.027183503,-0.014660766,0.01863139,294.34683,11.210295,26.724096,SIT
8615699242000,5.310206,4.84092858263145,-1.61037672522377,8.0767106467596,-0.0290161,-0.028405234,0.02107485,294.33102,11.209504,26.741627,SIT
8615704034000,5.314998,4.8386839249841,-1.63282332513573,8.05650877481047,-0.030543262,-0.027794369,0.022907447,294.3167,11.208873,26.752377,SIT
8615709359000,5.320323,4.8363823737356,-1.65726196867801,8.03475124856615,-0.022907447,-0.01740966,0.027488936,294.304,11.2068205,26.764761,SIT
8615714058000,5.325022,4.83851544399204,-1.66792731996018,8.03048501896004,-0.01863139,-0.0106901415,0.01863139,294.2948,11.204517,26.778412,SIT
8615719377000,5.330341,4.84092995786605,-1.67999988933024,8.02565589036356,-0.01740966,-0.013744468,0.015271631,294.27814,11.21421,26.793041,SIT
8615724113000,5.335077,4.84307982395127,-1.69074921975636,8.02135606839835,-0.017104227,-0.012217305,0.01740966,294.2635,11.222491,26.804462,SIT
8615728984000,5.339948,4.84529097211452,-1.70180496057259,8.01693367971749,-0.013439035,-0.016493361,0.01740966,294.254,11.229182,26.818531,SIT
8615734037000,5.345001,4.84216024121849,-1.69355942365548,8.01949113613634,-0.005497787,-0.0106901415,0.014660766,294.24567,11.234521,26.829126,SIT
8615738927000,5.349891,4.83738112579855,-1.67922207739565,8.02427035136238,-0.0076358155,-0.009162978,0.015577064,294.23566,11.24188,26.841606,SIT
8615743990000,5.354954,4.8399685154176,-1.6648981153104,8.0327259923984,-0.012217305,-0.0106901415,0.010995574,294.2248,11.252158,26.85428,SIT
8615748937000,5.359901,4.84458565113537,-1.65104665994542,8.04196021562226,-0.019242255,-0.0070249503,0.009468411,294.21332,11.263955,26.864601,SIT
8615754028000,5.364992,4.84231708988652,-1.64188988482978,8.0445175,-0.022907447,0.005497787,0.0106901415,294.20422,11.27253,26.871706,SIT
8615758987000,5.369951,4.83758970075652,-1.63479880113478,8.0445175,-0.03756821,-0.0030543262,0.012217305,294.19443,11.285379,26.883564,SIT
8615764112000,5.375076,4.83270406468246,-1.62747034702369,8.0445175,-0.033292156,-0.0021380284,0.007941248,294.1954,11.291571,26.888504,SIT
8615768980000,5.379944,4.82806342538324,-1.62050938807486,8.0445175,-0.022296581,0.0067195175,0.009468411,294.1941,11.300547,26.893015,SIT
8615774106000,5.38507,4.83680387874337,-1.58820062324678,8.06133952312358,-0.0290161,0.01282817,0.0021380284,294.20032,11.3116865,26.898308,SIT
8615779058000,5.390022,4.85028686259477,-1.5477514839746,8.08381124109174,-0.032070424,0.01038471,-0.00030543262,294.2045,11.319816,26.903046,SIT
8615784033000,5.394997,4.85236134751669,-1.5384484014399,8.10164058608097,-0.038789943,0.006414085,0.005497787,294.20975,11.327706,26.90488,SIT
8615789020000,5.399984,4.84737814604549,-1.54841496048623,8.11659039863314,-0.03604105,0.0143553335,0.009162978,294.217,11.333256,26.904324,SIT
8615794029000,5.404993,4.8458643,-1.54482126405462,8.11451061590977,-0.042455133,0.0067195175,0.002443461,294.2268,11.330754,26.912514,SIT
8615799062000,5.410026,4.8458643,-1.53528328834966,8.10497271490056,-0.029626964,0.019547688,-0.004581489,294.23743,11.323177,26.912483,SIT
8615804025000,5.414989,4.8458643,-1.52587796877412,8.09556746898189,-0.025961773,0.025350908,0.0027488936,294.24084,11.321376,26.914276,SIT
8615809016000,5.41998,4.8458643,-1.51641958674681,8.08610916102701,-0.04520403,0.026572637,-0.0009162979,294.2504,11.319862,26.914886,SIT
8615814081000,5.425045,4.84745906057774,-1.50356673661852,8.08601445454545,-0.033292156,0.029321533,0.0033597588,294.25555,11.311624,26.9125,SIT
8615819040000,5.430004,4.84983253527912,-1.48932573970713,8.09076130481284,-0.042455133,0.020158553,0.003970624,294.2622,11.312682,26.9136,SIT
8615824053000,5.435017,4.85223185544005,-1.47492966841921,8.09555984491979,-0.026572637,0.018020526,0.0021380284,294.2725,11.301954,26.913525,SIT
8615829070000,5.440034,4.85463309007946,-1.46052211014044,8.10036221390374,-0.02687807,0.022296581,0.0012217305,294.28198,11.297943,26.914083,SIT
8615834042000,5.445006,4.84292107683121,-1.46193459426752,8.12075804816879,-0.022602014,0.017104227,-0.00030543262,294.2913,11.28856,26.917978,SIT
8615839033000,5.449997,4.82389338604697,-1.47144848933121,8.14929983270303,-0.03023783,0.017715093,0.007330383,294.29858,11.283525,26.918509,SIT
8615843977000,5.454941,4.79607430644938,-1.45978561560333,8.17147302981969,-0.029932396,0.01160644,0.008552114,294.3102,11.267181,26.924913,SIT
8615849043000,5.460007,4.76242927096295,-1.4357535334357,8.19069863532792,-0.036651913,0.015882496,0.0061086523,294.32117,11.255348,26.927895,SIT
8615854027000,5.464991,4.75605586416915,-1.44482286804975,8.20370565751244,-0.02687807,0.009468411,-0.0076358155,294.33334,11.239715,26.929054,SIT
8615859017000,5.469981,4.76556600974129,-1.4733531061592,8.2132159520398,-0.029932396,0.00030543262,-0.01038471,294.34277,11.23036,26.929289,SIT
8615864051000,5.475015,4.77808329965298,-1.49029388693238,8.20217778266905,-0.028405234,-0.01038471,-0.00580322,294.35608,11.212591,26.92294,SIT
8615869025000,5.479989,4.79225190090224,-1.49973965397581,8.17856336506048,-0.021991149,-0.0033597588,0.01038471,294.36694,11.19584,26.913748,SIT
8615874052000,5.485016,4.79892838229772,-1.50071432340719,8.16711977600525,-0.028405234,0.0021380284,0.015882496,294.36877,11.186213,26.908491,SIT
8615879071000,5.490035,4.80050610943706,-1.49598109256524,8.16396422287871,-0.03726278,0.00580322,0.01985312,294.3664,11.177716,26.90099,SIT
8615884027000,5.494991,4.80206403247005,-1.49130727466273,8.16084827920565,-0.03573562,-0.008552114,0.018936822,294.3621,11.1709385,26.902172,SIT
8615889033000,5.499997,4.80363767304776,-1.48658630363368,8.15770089945839,-0.025350908,-0.0012217305,0.02565634,294.35602,11.165747,26.89563,SIT
8615894013000,5.504977,4.80520314050222,-1.48188985223043,8.15456986646972,-0.029626964,-0.01160644,0.022907447,294.35297,11.161856,26.900362,SIT
8615899037000,5.510001,4.80678243939603,-1.47715190607582,8.15141116973576,-0.03023783,-0.010995574,0.022907447,294.34824,11.15576,26.899397,SIT
8615904027000,5.514991,4.80515174317673,-1.47242293061894,8.1426462295302,-0.033292156,-0.0012217305,0.021380283,294.34073,11.149665,26.900331,SIT
8615909014000,5.519978,4.80040312252051,-1.46767428517027,8.12840036756152,-0.036957346,0.0061086523,0.028710667,294.33044,11.145182,26.901157,SIT
8615914083000,5.525047,4.79557642147651,-1.46284755892617,8.11392026442953,-0.03359759,-0.0030543262,0.026267206,294.3245,11.135446,26.906878,SIT
8615919039000,5.530003,4.79085731901566,-1.45812843182699,8.09976295704698,-0.027183503,-0.0027488936,0.028405234,294.3161,11.127558,26.907145,SIT
8615924057000,5.535021,4.78917056158289,-1.46181109266308,8.08933322963972,-0.031154128,-0.00580322,0.033292156,294.30685,11.12165,26.910828,SIT
8615929058000,5.540022,4.79074207939362,-1.47438323514897,8.08304710916787,-0.03634648,-0.01160644,0.031154128,294.29907,11.113949,26.915434,SIT
8615934019000,5.544983,4.7923010275758,-1.48685482060638,8.07681126760402,-0.026572637,-0.005192355,0.03390302,294.29095,11.103892,26.918558,SIT
8615939054000,5.550018,4.79388322957081,-1.49951243656648,8.07048241006038,-0.036957346,-0.01038471,0.029932396,294.2845,11.099247,26.926956,SIT
8615943976000,5.55494,4.79542992236514,-1.51188597892112,8.06429559043182,-0.02076942,-0.0021380284,0.03573562,294.27557,11.08719,26.928926,SIT
8615949045000,5.560009,4.79702280854443,-1.52462906835543,8.05792399581638,-0.032070424,-0.0030543262,0.03268129,294.26978,11.08319,26.935568,SIT
8615953954000,5.564918,4.79975761639589,-1.541175693332,8.04876206937108,-0.026572637,0.0018325958,0.03268129,294.26227,11.072167,26.937654,SIT
8615959024000,5.569988,4.80459703322037,-1.56537308065384,8.03424386943088,-0.03145956,0.004581489,0.035430185,294.25473,11.066749,26.940533,SIT
8615964049000,5.575013,4.80482483821669,-1.58472671882167,8.02172109543298,-0.035124753,0.0012217305,0.034208454,294.2451,11.067969,26.945787,SIT
8615969038000,5.580002,4.79774024614966,-1.59653441336497,8.01227491513938,-0.025350908,0.0106901415,0.03359759,294.2356,11.067429,26.946423,SIT
8615973924000,5.584888,4.79080191846085,-1.60809833309609,8.00302375520463,-0.036957346,0.013744468,0.03726278,294.22137,11.078939,26.951328,SIT
8615979085000,5.590049,4.78347307908264,-1.62031310790826,7.99325190984579,-0.02687807,0.01985312,0.030543262,294.21164,11.080917,26.953339,SIT
8615983938000,5.594902,4.77371225693191,-1.62878773363413,7.98851794438064,-0.029626964,0.021991149,0.03634648,294.19257,11.091038,26.953823,SIT
8615989035000,5.599999,4.75722375831202,-1.63114322992327,7.99322886317136,-0.03359759,0.016493361,0.03573562,294.17773,11.097072,26.95556,SIT
8615993988000,5.604952,4.74120109131882,-1.63343217893645,7.99780668949476,-0.03481932,0.025350908,0.029932396,294.16235,11.109215,26.951126,SIT
8615999037000,5.610001,4.72486786990783,-1.63576549280027,8.00247324412971,-0.04642576,0.027794369,0.022296581,294.14716,11.12445,26.950188,SIT
8616003973000,5.614937,4.71560595169353,-1.63508926848996,8.00917875447558,-0.04337143,0.035124753,0.02321288,294.13147,11.136761,26.944523,SIT
8616009012000,5.619976,4.73714415951401,-1.62073047993553,8.02593077441111,-0.035430185,0.03940081,0.025350908,294.11798,11.149664,26.939503,SIT
8616014005000,5.624969,4.7584857494421,-1.60650276982395,8.04252986858418,-0.04428773,0.03940081,0.021380283,294.10565,11.166644,26.926176,SIT
8616019037000,5.630001,4.77999403714852,-1.59216392798909,8.05925861720803,-0.034513887,0.05497787,0.022602014,294.09265,11.177581,26.90715,SIT
8616024022000,5.634986,4.79984572331411,-1.57756150346453,8.073248,-0.028099801,0.057726767,0.023518313,294.08725,11.191646,26.892094,SIT
8616029071000,5.640035,4.81196737365254,-1.56059116767611,8.073248,-0.022296581,0.04886922,0.02565634,294.08148,11.203444,26.87616,SIT
8616033988000,5.644952,4.82377211809977,-1.54406450079719,8.073248,-0.025961773,0.05222898,0.022296581,294.0816,11.206816,26.86287,SIT
8616039031000,5.649995,4.83587936362497,-1.52711433177739,8.073248,-0.020158553,0.041233405,0.014660766,294.0808,11.205974,26.856422,SIT
8616044009000,5.654973,4.84289752187234,-1.51610217812766,8.07473137744681,-0.018325957,0.034513887,0.01863139,294.078,11.208097,26.847559,SIT
8616049016000,5.65998,4.82475996621277,-1.53423973378723,8.08380008425532,-0.024129177,0.014049901,0.0143553335,294.07843,11.20859,26.846756,SIT
8616054135000,5.665099,4.80624705637708,-1.55111521580407,8.09469390988909,-0.01985312,0.01160644,0.010079277,294.0755,11.198546,26.847687,SIT
8616058927000,5.669891,4.78928151626617,-1.54687385292052,8.12438371580407,-0.01985312,0.0009162979,0.015271631,294.06897,11.191898,26.85619,SIT
8616063999000,5.674963,4.77132466746765,-1.54238466415896,8.15580831839187,-0.028405234,-0.01038471,0.007941248,294.07095,11.188972,26.861334,SIT
8616068939000,5.679903,4.7539505899046,-1.53749470084915,8.17692392273823,-0.032070424,-0.010079277,-0.00030543262,294.07166,11.185437,26.86587,SIT
8616073978000,5.684942,4.73624417569452,-1.53243568008177,8.19715968885627,-0.047647487,-0.01160644,-0.0018325958,294.07166,11.187075,26.873962,SIT
8616078971000,5.689935,4.71869939971695,-1.52742284207988,8.21721072680575,-0.05100725,-0.0125227375,-0.0036651916,294.0778,11.183401,26.876247,SIT
